0.05 3.71909e-05
0.15 0.000114433
0.25 0.000131599
0.35 0.000128738
0.45 0.000243171
0.55 0.0013589
0.65 0.00349022
0.75 0.00795885
0.85 0.0169505
0.95 0.0316494
1.05 0.0543359
1.15 0.0850641
1.25 0.120699
1.35 0.160376
1.45 0.210526
1.55 0.266461
1.65 0.321873
1.75 0.381822
1.85 0.437668
1.95 0.493406
2.05 0.549853
2.15 0.605247
2.25 0.65688
2.35 0.707451
2.45 0.751994
2.55 0.794595
2.65 0.832816
2.75 0.871219
2.85 0.89404
2.95 0.921444
3.05 0.94543
3.15 0.961851
3.25 0.97338
3.35 0.985355
3.45 0.989898
3.55 0.996776
3.65 1
3.75 0.997211
3.85 0.994024
3.95 0.98751
4.05 0.97992
4.15 0.973692
4.25 0.961485
4.35 0.950545
4.45 0.938818
4.55 0.920065
4.65 0.90484
4.75 0.891185
4.85 0.875185
4.95 0.853682
5.05 0.836701
5.15 0.820202
5.25 0.802099
5.35 0.776772
5.45 0.759581
5.55 0.738545
5.65 0.719572
5.75 0.698316
5.85 0.680001
5.95 0.659377
6.05 0.639323
6.15 0.616362
6.25 0.600292
6.35 0.577071
6.45 0.557743
6.55 0.538275
6.65 0.518953
6.75 0.5019
6.85 0.48125
6.95 0.460366
7.05 0.441934
7.15 0.421393
7.25 0.400111
7.35 0.381613
7.45 0.361922
7.55 0.340826
7.65 0.32403
7.75 0.303563
7.85 0.283106
7.95 0.26195
8.05 0.244172
8.15 0.221809
8.25 0.20053
8.35 0.179366
8.45 0.15623
8.55 0.135638
8.65 0.112385
8.75 0.0879994
8.85 0.0617769
8.95 0.0276443
9.05 8.58251e-05
9.15 0.000100129
9.25 9.15468e-05
9.35 8.01034e-05
9.45 7.15209e-05
9.55 0.000100129
9.65 3.71909e-05
9.75 9.15468e-05
9.85 4.57734e-05
9.95 7.72426e-05
10.05 7.15209e-05
10.15 8.01034e-05
10.25 6.57993e-05
10.35 5.14951e-05
10.45 9.44076e-05
10.55 6.57993e-05
10.65 6.86601e-05
10.75 6.00776e-05
10.85 2.86084e-05
10.95 5.43559e-05
11.05 4.86342e-05
11.15 2.86084e-05
11.25 8.01034e-05
11.35 6.29384e-05
11.45 6.29384e-05
11.55 4.86342e-05
11.65 3.433e-05
11.75 6.29384e-05
11.85 5.14951e-05
11.95 3.71909e-05
12.05 4.00517e-05
12.15 2.86084e-05
12.25 4.86342e-05
12.35 4.57734e-05
12.45 2.86084e-05
12.55 5.43559e-05
12.65 2.28867e-05
12.75 4.00517e-05
12.85 6.29384e-05
12.95 5.43559e-05
13.05 4.86342e-05
13.15 3.433e-05
13.25 3.14692e-05
13.35 3.433e-05
13.45 2.28867e-05
13.55 3.433e-05
13.65 4.00517e-05
13.75 3.71909e-05
13.85 3.14692e-05
13.95 3.433e-05
14.05 1.7165e-05
14.15 2.86084e-05
14.25 2.00259e-05
14.35 3.14692e-05
14.45 3.14692e-05
14.55 3.433e-05
14.65 2.86084e-05
14.75 1.43042e-05
14.85 1.43042e-05
14.95 3.14692e-05
15.05 2.86084e-05
15.15 1.43042e-05
15.25 2.28867e-05
15.35 3.433e-05
15.45 2.00259e-05
