0.05 3.66124e-05
0.15 7.01737e-05
0.25 9.15309e-05
0.35 9.15309e-05
0.45 0.000308154
0.55 0.00154992
0.65 0.00432941
0.75 0.0104833
0.85 0.0229773
0.95 0.0415062
1.05 0.0694445
1.15 0.109233
1.25 0.154959
1.35 0.20423
1.45 0.262471
1.55 0.328593
1.65 0.396256
1.75 0.459006
1.85 0.521043
1.95 0.579595
2.05 0.64162
2.15 0.696215
2.25 0.748201
2.35 0.800377
2.45 0.844346
2.55 0.877071
2.65 0.908832
2.75 0.938375
2.85 0.958884
2.95 0.97608
3.05 0.988333
3.15 0.992278
3.25 0.996891
3.35 1
3.45 0.987652
3.55 0.982743
3.65 0.971494
3.75 0.955452
3.85 0.937015
3.95 0.916902
4.05 0.896216
4.15 0.867137
4.25 0.847024
4.35 0.812499
4.45 0.778224
4.55 0.753431
4.65 0.718927
4.75 0.686561
4.85 0.648375
4.95 0.607668
5.05 0.570043
5.15 0.533021
5.25 0.486737
5.35 0.438934
5.45 0.392039
5.55 0.343943
5.65 0.290895
5.75 0.234511
5.85 0.168228
5.95 0.0803032
6.05 7.93268e-05
6.15 8.54289e-05
6.25 9.7633e-05
6.35 0.000103735
6.45 5.49186e-05
6.55 7.32248e-05
6.65 9.15309e-05
6.75 0.000100684
6.85 7.62758e-05
6.95 7.32248e-05
7.05 9.4582e-05
7.15 0.000134245
7.25 7.62758e-05
7.35 0.000100684
7.45 8.23779e-05
7.55 7.01737e-05
7.65 6.40717e-05
7.75 6.40717e-05
7.85 5.49186e-05
7.95 7.62758e-05
8.05 7.62758e-05
8.15 8.54289e-05
8.25 8.54289e-05
8.35 7.01737e-05
8.45 4.88165e-05
8.55 5.18675e-05
8.65 5.79696e-05
8.75 6.40717e-05
8.85 4.88165e-05
8.95 5.49186e-05
9.05 7.62758e-05
9.15 3.35613e-05
9.25 5.49186e-05
9.35 5.49186e-05
9.45 7.32248e-05
9.55 3.66124e-05
9.65 5.49186e-05
9.75 4.88165e-05
9.85 4.27144e-05
9.95 5.79696e-05
10.05 4.88165e-05
10.15 1.52552e-05
10.25 3.66124e-05
10.35 5.18675e-05
10.45 2.44083e-05
10.55 3.05103e-05
10.65 4.88165e-05
10.75 2.13572e-05
10.85 2.74593e-05
10.95 3.96634e-05
11.05 4.57655e-05
11.15 2.74593e-05
11.25 1.83062e-05
11.35 2.74593e-05
11.45 2.44083e-05
11.55 2.44083e-05
11.65 1.83062e-05
11.75 1.52552e-05
11.85 2.13572e-05
11.95 1.83062e-05
12.05 2.44083e-05
12.15 2.44083e-05
12.25 3.05103e-06
12.35 1.22041e-05
12.45 9.15309e-06
12.55 1.83062e-05
12.65 1.52552e-05
12.75 1.83062e-05
12.85 1.52552e-05
12.95 3.05103e-05
13.05 1.83062e-05
13.15 1.52552e-05
13.25 1.83062e-05
13.35 1.22041e-05
13.45 3.35613e-05
13.55 2.13572e-05
13.65 2.13572e-05
13.75 3.05103e-06
13.85 1.52552e-05
13.95 1.22041e-05
14.05 9.15309e-06
14.15 6.10206e-06
14.25 1.52552e-05
14.35 3.05103e-06
14.45 3.05103e-06
14.55 9.15309e-06
14.65 1.52552e-05
14.75 6.10206e-06
14.85 6.10206e-06
15.05 3.05103e-06
15.15 6.10206e-06
15.25 6.10206e-06
15.35 6.10206e-06
