0.0075 7.62346e-08
0.0175 7.62346e-08
0.0315 7.62346e-08
0.0465 7.62346e-08
0.0615 7.62346e-08
0.0635 1.52469e-07
0.0695 7.62346e-08
0.0725 1.52469e-07
0.0755 7.62346e-08
0.0775 7.62346e-08
0.0785 7.62346e-08
0.0815 7.62346e-08
0.0835 7.62346e-08
0.0925 7.62346e-08
0.0985 7.62346e-08
0.0995 7.62346e-08
0.1005 1.52469e-07
0.1015 7.62346e-08
0.1065 7.62346e-08
0.1105 7.62346e-08
0.1115 7.62346e-08
0.1125 7.62346e-08
0.1135 1.52469e-07
0.1165 7.62346e-08
0.1175 7.62346e-08
0.1195 7.62346e-08
0.1205 7.62346e-08
0.1225 7.62346e-08
0.1255 1.52469e-07
0.1285 7.62346e-08
0.1345 2.28704e-07
0.1415 1.52469e-07
0.1425 2.28704e-07
0.1435 7.62346e-08
0.1455 7.62346e-08
0.1525 1.52469e-07
0.1535 7.62346e-08
0.1565 7.62346e-08
0.1575 7.62346e-08
0.1605 7.62346e-08
0.1615 1.52469e-07
0.1635 7.62346e-08
0.1675 7.62346e-08
0.1705 7.62346e-08
0.1735 7.62346e-08
0.1745 7.62346e-08
0.1785 7.62346e-08
0.1795 7.62346e-08
0.1805 7.62346e-08
0.1835 7.62346e-08
0.1845 7.62346e-08
0.1855 7.62346e-08
0.1865 7.62346e-08
0.1875 2.28704e-07
0.1885 7.62346e-08
0.1895 7.62346e-08
0.1925 7.62346e-08
0.1955 7.62346e-08
0.1985 7.62346e-08
0.2035 7.62346e-08
0.2065 7.62346e-08
0.2075 7.62346e-08
0.2085 1.52469e-07
0.2095 1.52469e-07
0.2105 7.62346e-08
0.2115 7.62346e-08
0.2125 1.52469e-07
0.2155 1.52469e-07
0.2165 7.62346e-08
0.2185 7.62346e-08
0.2205 1.52469e-07
0.2335 1.52469e-07
0.2385 7.62346e-08
0.2395 7.62346e-08
0.2435 1.52469e-07
0.2445 1.52469e-07
0.2465 1.52469e-07
0.2505 7.62346e-08
0.2515 7.62346e-08
0.2525 7.62346e-08
0.2535 7.62346e-08
0.2545 7.62346e-08
0.2615 7.62346e-08
0.2635 7.62346e-08
0.2645 7.62346e-08
0.2675 1.52469e-07
0.2705 7.62346e-08
0.2715 7.62346e-08
0.2755 7.62346e-08
0.2795 1.52469e-07
0.2825 1.52469e-07
0.2835 7.62346e-08
0.2855 7.62346e-08
0.2885 7.62346e-08
0.2895 7.62346e-08
0.2915 7.62346e-08
0.2935 2.28704e-07
0.2995 7.62346e-08
0.3045 1.52469e-07
0.3065 1.52469e-07
0.3075 7.62346e-08
0.3095 1.52469e-07
0.3115 7.62346e-08
0.3125 7.62346e-08
0.3215 7.62346e-08
0.3235 7.62346e-08
0.3245 7.62346e-08
0.3275 7.62346e-08
0.3285 7.62346e-08
0.3335 7.62346e-08
0.3365 7.62346e-08
0.3385 7.62346e-08
0.3395 7.62346e-08
0.3425 2.28704e-07
0.3445 7.62346e-08
0.3455 2.28704e-07
0.3495 7.62346e-08
0.3525 7.62346e-08
0.3535 7.62346e-08
0.3545 1.52469e-07
0.3555 7.62346e-08
0.3565 7.62346e-08
0.3575 1.52469e-07
0.3595 1.52469e-07
0.3605 1.52469e-07
0.3665 7.62346e-08
0.3695 7.62346e-08
0.3705 7.62346e-08
0.3715 7.62346e-08
0.3735 7.62346e-08
0.3815 1.52469e-07
0.3825 7.62346e-08
0.3835 7.62346e-08
0.3855 7.62346e-08
0.3895 7.62346e-08
0.3955 7.62346e-08
0.3975 7.62346e-08
0.3995 7.62346e-08
0.4025 7.62346e-08
0.4035 7.62346e-08
0.4045 7.62346e-08
0.4055 1.52469e-07
0.4075 7.62346e-08
0.4085 7.62346e-08
0.4095 7.62346e-08
0.4135 7.62346e-08
0.4155 7.62346e-08
0.4195 7.62346e-08
0.4225 1.52469e-07
0.4315 1.52469e-07
0.4325 7.62346e-08
0.4335 7.62346e-08
0.4345 7.62346e-08
0.4435 7.62346e-08
0.4455 7.62346e-08
0.4465 7.62346e-08
0.4485 1.52469e-07
0.4495 7.62346e-08
0.4515 7.62346e-08
0.4575 7.62346e-08
0.4595 1.52469e-07
0.4655 7.62346e-08
0.4665 7.62346e-08
0.4675 1.52469e-07
0.4725 7.62346e-08
0.4785 7.62346e-08
0.4795 7.62346e-08
0.4805 7.62346e-08
0.4815 7.62346e-08
0.4835 7.62346e-08
0.4885 7.62346e-08
0.4895 7.62346e-08
0.4905 7.62346e-08
0.4915 7.62346e-08
0.4955 7.62346e-08
0.4965 7.62346e-08
0.4975 7.62346e-08
0.4985 7.62346e-08
0.4995 7.62346e-08
0.5035 7.62346e-08
0.5055 7.62346e-08
0.5105 3.81173e-06
0.5115 0.00012533
0.5175 1.52469e-07
0.5215 7.62346e-08
0.5225 7.62346e-08
0.5235 7.62346e-08
0.5265 7.62346e-08
0.5305 7.62346e-08
0.5325 7.62346e-08
0.5345 7.62346e-08
0.5375 7.62346e-08
0.5385 7.62346e-08
0.5415 7.62346e-08
0.5425 1.52469e-07
0.5435 7.62346e-08
0.5455 7.62346e-08
0.5475 1.52469e-07
0.5545 7.62346e-08
0.5555 7.62346e-08
0.5585 2.28704e-07
0.5595 7.62346e-08
0.5615 7.62346e-08
0.5625 7.62346e-08
0.5745 1.52469e-07
0.5765 1.52469e-07
0.5785 7.62346e-08
0.5805 1.52469e-07
0.5815 1.52469e-07
0.5835 7.62346e-08
0.5865 7.62346e-08
0.5875 7.62346e-08
0.5965 7.62346e-08
0.5985 7.62346e-08
0.6015 7.62346e-08
0.6055 1.52469e-07
0.6135 1.52469e-07
0.6165 2.28704e-07
0.6175 7.62346e-08
0.6205 7.62346e-08
0.6215 7.62346e-08
0.6245 7.62346e-08
0.6265 7.62346e-08
0.6285 1.52469e-07
0.6345 1.52469e-07
0.6355 7.62346e-08
0.6375 7.62346e-08
0.6385 7.62346e-08
0.6395 7.62346e-08
0.6435 7.62346e-08
0.6505 1.52469e-07
0.6545 7.62346e-08
0.6555 7.62346e-08
0.6565 7.62346e-08
0.6575 7.62346e-08
0.6625 7.62346e-08
0.6645 7.62346e-08
0.6705 7.62346e-08
0.6725 7.62346e-08
0.6745 7.62346e-08
0.6755 7.62346e-08
0.6785 7.62346e-08
0.6825 7.62346e-08
0.6835 7.62346e-08
0.6865 7.62346e-08
0.7025 1.52469e-07
0.7035 7.62346e-08
0.7065 7.62346e-08
0.7105 7.62346e-08
0.7115 7.62346e-08
0.7135 1.52469e-07
0.7145 7.62346e-08
0.7165 7.62346e-08
0.7195 7.62346e-08
0.7245 7.62346e-08
0.7275 7.62346e-08
0.7295 7.62346e-08
0.7335 7.62346e-08
0.7345 7.62346e-08
0.7355 7.62346e-08
0.7405 7.62346e-08
0.7425 7.62346e-08
0.7465 7.62346e-08
0.7495 7.62346e-08
0.7535 2.28704e-07
0.7625 1.52469e-07
0.7645 1.52469e-07
0.7665 7.62346e-08
0.7685 7.62346e-08
0.7735 7.62346e-08
0.7745 1.52469e-07
0.7785 7.62346e-08
0.7805 7.62346e-08
0.7835 1.52469e-07
0.7935 7.62346e-08
0.8005 7.62346e-08
0.8045 7.62346e-08
0.8065 7.62346e-08
0.8075 7.62346e-08
0.8095 7.62346e-08
0.8105 7.62346e-08
0.8135 7.62346e-08
0.8145 7.62346e-08
0.8155 7.62346e-08
0.8225 7.62346e-08
0.8235 7.62346e-08
0.8315 7.62346e-08
0.8325 1.52469e-07
0.8405 7.62346e-08
0.8455 7.62346e-08
0.8475 2.28704e-07
0.8535 7.62346e-08
0.8545 7.62346e-08
0.8585 7.62346e-08
0.8635 1.52469e-07
0.8685 7.62346e-08
0.8715 7.62346e-08
0.8755 7.62346e-08
0.8815 7.62346e-08
0.8845 7.62346e-08
0.8885 7.62346e-08
0.8895 7.62346e-08
0.8905 7.62346e-08
0.8925 7.62346e-08
0.8945 2.28704e-07
0.9005 7.62346e-08
0.9065 7.62346e-08
0.9095 7.62346e-08
0.9105 7.62346e-08
0.9125 7.62346e-08
0.9135 1.52469e-07
0.9165 7.62346e-08
0.9175 1.52469e-07
0.9205 7.62346e-08
0.9235 7.62346e-08
0.9255 7.62346e-08
0.9265 1.52469e-07
0.9345 7.62346e-08
0.9365 7.62346e-08
0.9385 7.62346e-08
0.9485 7.62346e-08
0.9535 0.00338764
0.9565 7.62346e-08
0.9595 7.62346e-08
0.9605 1.52469e-07
0.9675 7.62346e-08
0.9765 7.62346e-08
0.9835 7.62346e-08
0.9845 7.62346e-08
0.9885 7.62346e-08
0.9955 7.62346e-08
0.9965 7.62346e-08
0.9985 7.62346e-08
1.0065 7.62346e-08
1.0105 7.62346e-08
1.0135 7.62346e-08
1.0165 1.52469e-07
1.0175 7.62346e-08
1.0215 1.29599e-06
1.0235 7.62346e-08
1.0245 1.52469e-07
1.0255 7.62346e-08
1.0335 7.62346e-08
1.0345 7.62346e-08
1.0355 1.52469e-07
1.0395 7.62346e-08
1.0445 7.62346e-08
1.0465 2.28704e-07
1.0495 7.62346e-08
1.0535 7.62346e-08
1.0545 1.52469e-07
1.0565 1.52469e-07
1.0645 7.62346e-08
1.0655 7.62346e-08
1.0695 7.62346e-08
1.0705 7.62346e-08
1.0785 7.62346e-08
1.0795 7.62346e-08
1.0855 1.52469e-07
1.0885 7.62346e-08
1.0895 7.62346e-08
1.0905 7.62346e-08
1.0915 7.62346e-08
1.0925 7.62346e-08
1.0965 7.62346e-08
1.0985 1.52469e-07
1.1075 1.52469e-07
1.1085 2.28704e-07
1.1095 7.62346e-08
1.1145 1.52469e-07
1.1185 7.62346e-08
1.1295 7.62346e-08
1.1335 7.62346e-08
1.1345 7.62346e-08
1.1425 7.62346e-08
1.1465 7.62346e-08
1.1475 1.52469e-07
1.1485 7.62346e-08
1.1535 1.52469e-07
1.1575 7.62346e-08
1.1605 7.62346e-08
1.1635 7.62346e-08
1.1645 7.62346e-08
1.1655 7.62346e-08
1.1715 7.62346e-08
1.1725 7.62346e-08
1.1785 7.62346e-08
1.1805 7.62346e-08
1.1845 7.62346e-08
1.1855 7.62346e-08
1.1895 7.62346e-08
1.1985 7.62346e-08
1.2005 7.62346e-08
1.2025 7.62346e-08
1.2075 7.62346e-08
1.2085 7.62346e-08
1.2125 7.62346e-08
1.2155 7.62346e-08
1.2225 7.62346e-08
1.2235 7.62346e-08
1.2245 7.62346e-08
1.2285 1.52469e-07
1.2295 7.62346e-08
1.2305 7.62346e-08
1.2355 1.52469e-07
1.2415 7.62346e-08
1.2465 7.62346e-08
1.2475 1.52469e-07
1.2525 7.62346e-08
1.2555 7.62346e-08
1.2565 7.62346e-08
1.2605 7.62346e-08
1.2635 7.62346e-08
1.2645 1.52469e-07
1.2655 7.62346e-08
1.2685 7.62346e-08
1.2795 7.62346e-08
1.2805 7.62346e-08
1.2845 7.62346e-08
1.2935 7.62346e-08
1.2975 7.62346e-08
1.2985 1.52469e-07
1.2995 7.62346e-08
1.3045 7.62346e-08
1.3085 7.62346e-08
1.3105 7.62346e-08
1.3145 7.62346e-08
1.3205 7.62346e-08
1.3225 7.62346e-08
1.3235 7.62346e-08
1.3305 7.62346e-08
1.3315 7.62346e-08
1.3335 1.52469e-07
1.3395 7.62346e-08
1.3405 7.62346e-08
1.3415 1.52469e-07
1.3425 7.62346e-08
1.3445 7.62346e-08
1.3455 7.62346e-08
1.3465 7.62346e-08
1.3515 7.62346e-08
1.3555 7.62346e-08
1.3585 7.62346e-08
1.3595 7.62346e-08
1.3605 7.62346e-08
1.3615 7.62346e-08
1.3635 1.52469e-07
1.3655 7.62346e-08
1.3665 7.62346e-08
1.3695 7.62346e-08
1.3735 7.62346e-08
1.3745 7.62346e-08
1.3755 7.62346e-08
1.3765 7.62346e-08
1.3775 7.62346e-08
1.3785 7.62346e-08
1.3805 7.62346e-08
1.3815 7.62346e-08
1.3865 7.62346e-08
1.3885 1.52469e-07
1.3895 7.62346e-08
1.3925 7.62346e-08
1.3945 7.62346e-08
1.3955 7.62346e-08
1.3965 1.52469e-07
1.3985 1.52469e-07
1.4005 1.52469e-07
1.4025 2.28704e-07
1.4035 1.52469e-07
1.4155 7.62346e-08
1.4165 7.62346e-08
1.4175 1.52469e-07
1.4185 7.62346e-08
1.4205 7.62346e-08
1.4225 7.62346e-08
1.4235 7.62346e-08
1.4245 7.62346e-08
1.4255 1.52469e-07
1.4265 7.62346e-08
1.4275 7.62346e-08
1.4295 1.52469e-07
1.4325 7.62346e-08
1.4335 7.62346e-08
1.4355 7.62346e-08
1.4375 7.62346e-08
1.4395 1.52469e-07
1.4405 7.62346e-08
1.4425 7.62346e-08
1.4455 7.62346e-08
1.4465 7.62346e-08
1.4485 7.62346e-08
1.4505 7.62346e-08
1.4565 7.62346e-08
1.4625 7.62346e-08
1.4645 7.62346e-08
1.4655 7.62346e-08
1.4675 1.52469e-07
1.4705 7.62346e-08
1.4725 7.62346e-08
1.4745 7.62346e-08
1.4755 7.62346e-08
1.4775 7.62346e-08
1.4815 1.52469e-07
1.4865 7.62346e-08
1.4925 7.62346e-08
1.4935 7.62346e-08
1.4945 7.62346e-08
1.4955 1.52469e-07
1.4965 1.52469e-07
1.4995 7.62346e-08
1.5035 7.62346e-08
1.5115 7.62346e-08
1.5125 7.62346e-08
1.5145 7.62346e-08
1.5155 7.62346e-08
1.5175 7.62346e-08
1.5185 7.62346e-08
1.5235 1.52469e-07
1.5245 7.62346e-08
1.5285 7.62346e-08
1.5315 7.62346e-08
1.5345 7.62346e-08
1.5385 7.62346e-08
1.5425 7.62346e-08
1.5435 7.62346e-08
1.5555 1.52469e-07
1.5615 7.62346e-08
1.5635 7.62346e-08
1.5645 7.62346e-08
1.5705 1.52469e-07
1.5765 7.62346e-08
1.5795 7.62346e-08
1.5855 7.62346e-08
1.5895 7.62346e-08
1.5905 7.62346e-08
1.5925 7.62346e-08
1.5955 7.62346e-08
1.6075 7.62346e-08
1.6085 7.62346e-08
1.6125 7.62346e-08
1.6155 7.62346e-08
1.6185 7.62346e-08
1.6195 7.62346e-08
1.6205 7.62346e-08
1.6225 7.62346e-08
1.6245 7.62346e-08
1.6255 7.62346e-08
1.6335 7.62346e-08
1.6405 7.62346e-08
1.6415 7.62346e-08
1.6485 7.62346e-08
1.6515 1.52469e-07
1.6555 7.62346e-08
1.6605 7.62346e-08
1.6615 1.52469e-07
1.6655 7.62346e-08
1.6685 7.62346e-08
1.6725 7.62346e-08
1.6755 7.62346e-08
1.6765 2.28704e-07
1.6775 3.50679e-06
1.6785 0.0815049
1.6795 7.62346e-08
1.6885 7.62346e-08
1.6955 7.62346e-08
1.7005 1.52469e-07
1.7025 7.62346e-08
1.7075 7.62346e-08
1.7125 7.62346e-08
1.7155 7.62346e-08
1.7175 7.62346e-08
1.7215 7.62346e-08
1.7235 7.62346e-08
1.7245 7.62346e-08
1.7305 1.52469e-07
1.7315 7.62346e-08
1.7325 7.62346e-08
1.7365 7.62346e-08
1.7375 7.62346e-08
1.7395 7.62346e-08
1.7445 7.62346e-08
1.7455 1.52469e-07
1.7525 7.62346e-08
1.7635 7.62346e-08
1.7765 7.62346e-08
1.7775 7.62346e-08
1.7785 7.62346e-08
1.7825 7.62346e-08
1.7865 7.62346e-08
1.7885 7.62346e-08
1.7895 7.62346e-08
1.7915 7.62346e-08
1.7955 7.62346e-08
1.7995 7.62346e-08
1.8005 7.62346e-08
1.8085 1.52469e-07
1.8105 7.62346e-08
1.8135 7.62346e-08
1.8185 7.62346e-08
1.8195 7.62346e-08
1.8275 7.62346e-08
1.8285 7.62346e-08
1.8325 7.62346e-08
1.8335 7.62346e-08
1.8375 7.62346e-08
1.8385 7.62346e-08
1.8415 7.62346e-08
1.8445 7.62346e-08
1.8455 7.62346e-08
1.8465 7.62346e-08
1.8485 7.62346e-08
1.8495 7.62346e-08
1.8515 7.62346e-08
1.8565 7.62346e-08
1.8575 7.62346e-08
1.8625 7.62346e-08
1.8685 7.62346e-08
1.8725 7.62346e-08
1.8785 7.62346e-08
1.8805 7.62346e-08
1.8825 7.62346e-08
1.8865 7.62346e-08
1.8905 7.62346e-08
1.8915 7.62346e-08
1.8955 7.62346e-08
1.8995 7.62346e-08
1.9025 7.62346e-08
1.9065 7.62346e-08
1.9075 7.62346e-08
1.9085 7.62346e-08
1.9155 7.62346e-08
1.9165 7.62346e-08
1.9185 1.52469e-07
1.9195 1.52469e-07
1.9225 7.62346e-08
1.9245 7.62346e-08
1.9255 7.62346e-08
1.9275 1.52469e-07
1.9315 2.28704e-07
1.9345 2.28704e-07
1.9385 7.62346e-08
1.9395 7.62346e-08
1.9425 3.04938e-07
1.9445 7.62346e-08
1.9485 7.62346e-08
1.9515 7.62346e-08
1.9575 1.52469e-07
1.9585 7.62346e-08
1.9615 7.62346e-08
1.9655 7.62346e-08
1.9675 7.62346e-08
1.9705 7.62346e-08
1.9725 7.62346e-08
1.9735 7.62346e-08
1.9785 7.62346e-08
1.9935 7.62346e-08
1.9955 7.62346e-08
1.9975 1.52469e-07
1.9995 7.62346e-08
2.0025 7.62346e-08
2.0035 7.62346e-08
2.0075 7.62346e-08
2.0085 1.52469e-07
2.0115 7.62346e-08
2.0135 7.62346e-08
2.0185 7.62346e-08
2.0205 7.62346e-08
2.0245 7.62346e-08
2.0255 7.62346e-08
2.0265 7.62346e-08
2.0295 7.62346e-08
2.0335 7.62346e-08
2.0385 7.62346e-08
2.0395 7.62346e-08
2.0435 7.62346e-08
2.0455 7.62346e-08
2.0495 7.62346e-08
2.0565 7.62346e-08
2.0605 7.62346e-08
2.0615 7.62346e-08
2.0625 7.62346e-08
2.0665 1.52469e-07
2.0685 2.28704e-07
2.0725 7.62346e-08
2.0765 1.52469e-07
2.0875 7.62346e-08
2.0915 1.52469e-07
2.0945 7.62346e-08
2.0985 7.62346e-08
2.0995 7.62346e-08
2.1035 7.62346e-08
2.1065 7.62346e-08
2.1075 7.62346e-08
2.1085 7.62346e-08
2.1095 7.62346e-08
2.1175 7.62346e-08
2.1225 7.62346e-08
2.1295 7.62346e-08
2.1315 7.62346e-08
2.1335 1.52469e-07
2.1345 7.62346e-08
2.1385 7.62346e-08
2.1425 7.62346e-08
2.1435 1.52469e-07
2.1475 7.62346e-08
2.1485 7.62346e-08
2.1505 7.62346e-08
2.1525 7.62346e-08
2.1535 1.52469e-07
2.1545 7.62346e-08
2.1555 7.62346e-08
2.1575 7.62346e-08
2.1595 7.62346e-08
2.1635 7.62346e-08
2.1695 7.62346e-08
2.1735 7.62346e-08
2.1745 7.62346e-08
2.1785 1.52469e-07
2.1815 7.62346e-08
2.1825 7.62346e-08
2.1835 1.52469e-07
2.1855 1.52469e-07
2.1875 1.52469e-07
2.1885 7.62346e-08
2.1905 7.62346e-08
2.1935 7.62346e-08
2.1945 7.62346e-08
2.2015 7.62346e-08
2.2035 7.62346e-08
2.2105 1.52469e-07
2.2135 1.52469e-07
2.2165 7.62346e-08
2.2195 7.62346e-08
2.2215 7.62346e-08
2.2245 7.62346e-08
2.2315 7.62346e-08
2.2335 7.62346e-08
2.2345 1.52469e-07
2.2415 7.62346e-08
2.2535 1.52469e-07
2.2555 7.62346e-08
2.2605 7.62346e-08
2.2645 1.52469e-07
2.2655 7.62346e-08
2.2695 7.62346e-08
2.2705 7.62346e-08
2.2785 7.62346e-08
2.2795 7.62346e-08
2.2815 7.62346e-08
2.2845 1.52469e-07
2.2855 7.62346e-08
2.2935 7.62346e-08
2.2965 7.62346e-08
2.2995 7.62346e-08
2.3085 7.62346e-08
2.3115 7.62346e-08
2.3125 7.62346e-08
2.3165 7.62346e-08
2.3205 7.62346e-08
2.3215 7.62346e-08
2.3225 7.62346e-08
2.3245 7.62346e-08
2.3265 7.62346e-08
2.3285 7.62346e-08
2.3365 7.62346e-08
2.3375 2.28704e-07
2.3445 1.52469e-07
2.3455 7.62346e-08
2.3475 7.62346e-08
2.3485 7.62346e-08
2.3505 1.52469e-07
2.3555 7.62346e-08
2.3575 1.52469e-07
2.3585 7.62346e-08
2.3605 7.62346e-08
2.3615 7.62346e-08
2.3635 7.62346e-08
2.3655 7.62346e-08
2.3685 7.62346e-08
2.3695 7.62346e-08
2.3705 7.62346e-08
2.3715 7.62346e-08
2.3765 2.28704e-07
2.3835 7.62346e-08
2.3895 7.62346e-08
2.3915 7.62346e-08
2.4035 1.52469e-07
2.4045 7.62346e-08
2.4065 7.62346e-08
2.4075 7.62346e-08
2.4095 7.62346e-08
2.4155 7.62346e-08
2.4255 7.62346e-08
2.4265 1.52469e-07
2.4275 7.62346e-08
2.4305 7.62346e-08
2.4375 7.62346e-08
2.4385 1.52469e-07
2.4395 7.62346e-08
2.4435 7.62346e-08
2.4475 2.28704e-07
2.4605 1.52469e-07
2.4615 7.62346e-08
2.4725 7.62346e-08
2.4765 7.62346e-08
2.4835 7.62346e-08
2.4955 7.62346e-08
2.4975 7.62346e-08
2.4995 7.62346e-08
2.5035 7.62346e-08
2.5045 7.62346e-08
2.5105 7.62346e-08
2.5115 7.62346e-08
2.5195 1.52469e-07
2.5225 7.62346e-08
2.5255 7.62346e-08
2.5305 7.62346e-08
2.5325 7.62346e-08
2.5365 7.62346e-08
2.5405 7.62346e-08
2.5455 7.62346e-08
2.5465 7.62346e-08
2.5535 7.62346e-08
2.5555 7.62346e-08
2.5585 7.62346e-08
2.5625 7.62346e-08
2.5675 1.52469e-07
2.5685 1.52469e-07
2.5695 1.52469e-07
2.5735 7.62346e-08
2.5765 1.52469e-07
2.5775 7.62346e-08
2.5785 7.62346e-08
2.5825 7.62346e-08
2.5855 7.62346e-08
2.5875 1.52469e-07
2.5915 7.62346e-08
2.5945 7.62346e-08
2.6045 7.62346e-08
2.6065 7.62346e-08
2.6075 7.62346e-08
2.6095 7.62346e-08
2.6105 7.62346e-08
2.6135 7.62346e-08
2.6195 1.52469e-07
2.6235 2.28704e-07
2.6245 1.52469e-07
2.6255 7.62346e-08
2.6295 1.52469e-07
2.6305 1.52469e-07
2.6395 7.62346e-08
2.6445 1.52469e-07
2.6465 1.52469e-07
2.6525 7.62346e-08
2.6545 7.62346e-08
2.6555 7.62346e-08
2.6585 7.62346e-08
2.6645 7.62346e-08
2.6695 7.62346e-08
2.6715 7.62346e-08
2.6745 7.62346e-08
2.6755 7.62346e-08
2.6795 7.62346e-08
2.6825 1.52469e-07
2.6845 1.52469e-07
2.6875 7.62346e-08
2.6885 7.62346e-08
2.6915 7.62346e-08
2.6935 7.62346e-08
2.6945 7.62346e-08
2.6975 7.62346e-08
2.7025 7.62346e-08
2.7055 7.62346e-08
2.7065 7.62346e-08
2.7115 7.62346e-08
2.7155 7.62346e-08
2.7175 7.62346e-08
2.7245 7.62346e-08
2.7325 1.52469e-07
2.7335 7.62346e-08
2.7365 7.62346e-08
2.7375 7.62346e-08
2.7405 7.62346e-08
2.7465 7.62346e-08
2.7515 7.62346e-08
2.7555 7.62346e-08
2.7575 7.62346e-08
2.7585 7.62346e-08
2.7625 1.52469e-07
2.7645 7.62346e-08
2.7705 7.62346e-08
2.7715 1.52469e-07
2.7745 7.62346e-08
2.7905 7.62346e-08
2.7945 7.62346e-08
2.7965 7.62346e-08
2.7995 1.52469e-07
2.8025 7.62346e-08
2.8035 7.62346e-08
2.8045 7.62346e-08
2.8105 7.62346e-08
2.8135 7.62346e-08
2.8145 7.62346e-08
2.8155 7.62346e-08
2.8165 7.62346e-08
2.8205 7.62346e-08
2.8225 7.62346e-08
2.8245 7.62346e-08
2.8265 7.62346e-08
2.8285 1.52469e-07
2.8325 1.52469e-07
2.8355 7.62346e-08
2.8435 7.62346e-08
2.8445 7.62346e-08
2.8455 7.62346e-08
2.8485 7.62346e-08
2.8495 7.62346e-08
2.8515 7.62346e-08
2.8525 7.62346e-08
2.8555 7.62346e-08
2.8565 7.62346e-08
2.8585 7.62346e-08
2.8605 7.62346e-08
2.8685 7.62346e-08
2.8745 7.62346e-08
2.8765 7.62346e-08
2.8805 7.62346e-08
2.8835 7.62346e-08
2.8865 7.62346e-08
2.8875 7.62346e-08
2.8885 7.62346e-08
2.8955 7.62346e-08
2.8995 7.62346e-08
2.9025 7.62346e-08
2.9085 7.62346e-08
2.9105 7.62346e-08
2.9125 7.62346e-08
2.9165 7.62346e-08
2.9185 1.52469e-07
2.9195 7.62346e-08
2.9205 7.62346e-08
2.9215 1.52469e-07
2.9235 7.62346e-08
2.9265 7.62346e-08
2.9285 7.62346e-08
2.9355 7.62346e-08
2.9415 7.62346e-08
2.9435 7.62346e-08
2.9475 1.52469e-07
2.9545 7.62346e-08
2.9575 7.62346e-08
2.9585 7.62346e-08
2.9635 7.62346e-08
2.9655 7.62346e-08
2.9675 1.52469e-07
2.9695 1.52469e-07
2.9725 7.62346e-08
2.9735 7.62346e-08
2.9755 1.52469e-07
2.9795 7.62346e-08
2.9825 7.62346e-08
2.9835 7.62346e-08
2.9845 7.62346e-08
2.9865 7.62346e-08
2.9895 7.62346e-08
2.9905 7.62346e-08
3.0015 7.62346e-08
3.0065 1.52469e-07
3.0085 1.52469e-07
3.0115 7.62346e-08
3.0195 7.62346e-08
3.0215 7.62346e-08
3.0235 7.62346e-08
3.0285 7.62346e-08
3.0295 7.62346e-08
3.0335 7.62346e-08
3.0345 7.62346e-08
3.0355 7.62346e-08
3.0365 7.62346e-08
3.0395 1.52469e-07
3.0415 7.62346e-08
3.0435 7.62346e-08
3.0445 7.62346e-08
3.0455 7.62346e-08
3.0475 7.62346e-08
3.0495 7.62346e-08
3.0565 7.62346e-08
3.0625 7.62346e-08
3.0655 7.62346e-08
3.0665 7.62346e-08
3.0685 7.62346e-08
3.0695 7.62346e-08
3.0705 1.52469e-07
3.0785 1.52469e-07
3.0805 7.62346e-08
3.0835 1.52469e-07
3.0885 7.62346e-08
3.0895 1.52469e-07
3.0935 7.62346e-08
3.1045 7.62346e-08
3.1095 1.52469e-07
3.1105 7.62346e-08
3.1115 7.62346e-08
3.1155 7.62346e-08
3.1205 7.62346e-08
3.1225 2.28704e-07
3.1265 1.52469e-07
3.1365 7.62346e-08
3.1435 7.62346e-08
3.1455 7.62346e-08
3.1465 7.62346e-08
3.1475 7.62346e-08
3.1505 7.62346e-08
3.1515 7.62346e-08
3.1575 7.62346e-08
3.1585 7.62346e-08
3.1595 7.62346e-08
3.1625 7.62346e-08
3.1665 7.62346e-08
3.1735 7.62346e-08
3.1765 7.62346e-08
3.1795 7.62346e-08
3.1815 7.62346e-08
3.1885 7.62346e-08
3.1905 7.62346e-08
3.1955 7.62346e-08
3.1965 1.52469e-07
3.2035 7.62346e-08
3.2045 7.62346e-08
3.2065 7.62346e-08
3.2165 1.52469e-07
3.2195 7.62346e-08
3.2205 7.62346e-08
3.2225 7.62346e-08
3.2235 7.62346e-08
3.2285 7.62346e-08
3.2305 7.62346e-08
3.2315 7.62346e-08
3.2335 7.62346e-08
3.2355 1.52469e-07
3.2365 1.52469e-07
3.2395 7.62346e-08
3.2415 7.62346e-08
3.2435 2.28704e-07
3.2465 7.62346e-08
3.2475 7.62346e-08
3.2495 7.62346e-08
3.2555 2.28704e-07
3.2565 1.52469e-07
3.2585 7.62346e-08
3.2615 7.62346e-08
3.2665 7.62346e-08
3.2675 7.62346e-08
3.2685 7.62346e-08
3.2725 7.62346e-08
3.2745 7.62346e-08
3.2755 7.62346e-08
3.2775 7.62346e-08
3.2785 7.62346e-08
3.2795 7.62346e-08
3.2805 7.62346e-08
3.2825 7.62346e-08
3.2845 7.62346e-08
3.2865 7.62346e-08
3.2875 7.62346e-08
3.2905 7.62346e-08
3.2915 7.62346e-08
3.2925 7.62346e-08
3.2945 7.62346e-08
3.2955 7.62346e-08
3.2995 7.62346e-08
3.3015 7.62346e-08
3.3025 1.52469e-07
3.3045 7.62346e-08
3.3085 1.52469e-07
3.3105 7.62346e-08
3.3125 7.62346e-08
3.3165 7.62346e-08
3.3175 7.62346e-08
3.3215 1.52469e-07
3.3225 7.62346e-08
3.3255 7.62346e-08
3.3275 7.62346e-08
3.3335 7.62346e-08
3.3355 1.52469e-07
3.3365 7.62346e-08
3.3405 1.52469e-07
3.3415 7.62346e-08
3.3425 1.52469e-07
3.3455 7.62346e-08
3.3465 2.28704e-07
3.3475 1.52469e-07
3.3485 1.52469e-07
3.3495 7.62346e-08
3.3505 2.28704e-07
3.3515 6.09877e-07
3.3525 3.81173e-07
3.3535 1.52469e-07
3.3545 2.28704e-07
3.3555 8.3858e-07
3.3565 7.62346e-08
3.3605 7.62346e-08
3.3655 7.62346e-08
3.3715 7.62346e-08
3.3725 7.62346e-08
3.3735 7.62346e-08
3.3745 7.62346e-08
3.3825 7.62346e-08
3.3875 7.62346e-08
3.3915 7.62346e-08
3.3925 1.52469e-07
3.3945 7.62346e-08
3.4015 7.62346e-08
3.4035 7.62346e-08
3.4045 7.62346e-08
3.4075 7.62346e-08
3.4085 7.62346e-08
3.4105 1.52469e-07
3.4115 3.81173e-07
3.4125 1.52469e-07
3.4135 5.33642e-07
3.4145 8.3858e-07
3.4155 6.09877e-07
3.4175 7.62346e-08
3.4195 7.62346e-08
3.4205 7.62346e-08
3.4215 7.62346e-08
3.4295 2.28704e-07
3.4365 7.62346e-08
3.4375 7.62346e-08
3.4465 7.62346e-08
3.4485 1.52469e-07
3.4615 7.62346e-08
3.4635 7.62346e-08
3.4685 7.62346e-08
3.4755 7.62346e-08
3.4785 7.62346e-08
3.4835 1.52469e-07
3.4905 7.62346e-08
3.4915 7.62346e-08
3.4975 1.52469e-07
3.4985 7.62346e-08
3.5045 7.62346e-08
3.5095 7.62346e-08
3.5125 7.62346e-08
3.5145 7.62346e-08
3.5235 1.52469e-07
3.5245 7.62346e-08
3.5255 7.62346e-08
3.5295 7.62346e-08
3.5305 7.62346e-08
3.5325 7.62346e-08
3.5345 7.62346e-08
3.5405 1.52469e-07
3.5465 7.62346e-08
3.5515 7.62346e-08
3.5525 7.62346e-08
3.5535 7.62346e-08
3.5555 2.28704e-07
3.5655 7.62346e-08
3.5675 1.52469e-07
3.5695 1.52469e-07
3.5745 1.52469e-07
3.5765 7.62346e-08
3.5835 7.62346e-08
3.5845 7.62346e-08
3.5865 7.62346e-08
3.5895 7.62346e-08
3.5915 1.52469e-07
3.5935 7.62346e-08
3.5945 1.52469e-07
3.5955 2.28704e-07
3.5985 7.62346e-08
3.5995 7.62346e-08
3.6005 7.62346e-08
3.6045 7.62346e-08
3.6075 1.52469e-07
3.6095 7.62346e-08
3.6115 1.52469e-07
3.6125 1.52469e-07
3.6165 7.62346e-08
3.6175 7.62346e-08
3.6185 7.62346e-08
3.6265 1.52469e-07
3.6285 7.62346e-08
3.6295 7.62346e-08
3.6305 7.62346e-08
3.6345 7.62346e-08
3.6365 7.62346e-08
3.6375 1.52469e-07
3.6405 7.62346e-08
3.6415 1.52469e-07
3.6455 1.52469e-07
3.6465 7.62346e-08
3.6485 7.62346e-08
3.6495 7.62346e-08
3.6505 7.62346e-08
3.6515 7.62346e-08
3.6535 1.52469e-07
3.6545 7.62346e-08
3.6555 7.62346e-08
3.6575 7.62346e-08
3.6615 7.62346e-08
3.6635 7.62346e-08
3.6645 7.62346e-08
3.6665 7.62346e-08
3.6675 7.62346e-08
3.6685 7.62346e-08
3.6755 7.62346e-08
3.6765 7.62346e-08
3.6785 7.62346e-08
3.6815 7.62346e-08
3.6825 7.62346e-08
3.6845 1.52469e-07
3.6855 7.62346e-08
3.6905 7.62346e-08
3.6925 7.62346e-08
3.6975 7.62346e-08
3.7005 1.52469e-07
3.7035 7.62346e-08
3.7045 7.62346e-08
3.7065 1.52469e-07
3.7075 1.52469e-07
3.7085 7.62346e-08
3.7115 7.62346e-08
3.7125 1.52469e-07
3.7135 7.62346e-08
3.7155 1.52469e-07
3.7165 7.62346e-08
3.7195 7.62346e-08
3.7215 7.62346e-08
3.7225 1.52469e-07
3.7235 2.28704e-07
3.7245 7.62346e-08
3.7265 7.62346e-08
3.7275 7.62346e-08
3.7285 7.62346e-08
3.7305 7.62346e-08
3.7355 1.52469e-07
3.7365 7.62346e-08
3.7385 7.62346e-08
3.7395 1.52469e-07
3.7425 7.62346e-08
3.7435 7.62346e-08
3.7455 7.62346e-08
3.7465 7.62346e-08
3.7475 7.62346e-08
3.7485 7.62346e-08
3.7495 1.52469e-07
3.7555 7.62346e-08
3.7615 7.62346e-08
3.7625 7.62346e-08
3.7635 7.62346e-08
3.7655 7.62346e-08
3.7665 7.62346e-08
3.7675 7.62346e-08
3.7695 7.62346e-08
3.7705 1.52469e-07
3.7745 7.62346e-08
3.7765 1.52469e-07
3.7805 7.62346e-08
3.7815 1.52469e-07
3.7835 7.62346e-08
3.7865 7.62346e-08
3.7895 7.62346e-08
3.7915 1.52469e-07
3.7925 1.52469e-07
3.7935 7.62346e-08
3.7965 7.62346e-08
3.7995 7.62346e-08
3.8015 7.62346e-08
3.8045 1.52469e-07
3.8055 7.62346e-08
3.8135 7.62346e-08
3.8165 7.62346e-08
3.8225 7.62346e-08
3.8255 7.62346e-08
3.8265 7.62346e-08
3.8285 7.62346e-08
3.8295 7.62346e-08
3.8305 7.62346e-08
3.8315 7.62346e-08
3.8345 1.52469e-07
3.8355 7.62346e-08
3.8365 7.62346e-08
3.8385 7.62346e-08
3.8405 1.52469e-07
3.8435 7.62346e-08
3.8445 7.62346e-08
3.8495 1.52469e-07
3.8505 2.28704e-07
3.8515 7.62346e-08
3.8565 7.62346e-08
3.8575 7.62346e-08
3.8585 7.62346e-08
3.8595 1.52469e-07
3.8605 7.62346e-08
3.8655 7.62346e-08
3.8665 7.62346e-08
3.8675 1.52469e-07
3.8685 7.62346e-08
3.8705 7.62346e-08
3.8715 1.52469e-07
3.8725 7.62346e-08
3.8755 7.62346e-08
3.8785 2.28704e-07
3.8795 7.62346e-08
3.8805 7.62346e-08
3.8845 7.62346e-08
3.8915 7.62346e-08
3.9005 7.62346e-08
3.9015 7.62346e-08
3.9025 7.62346e-08
3.9055 7.62346e-08
3.9065 7.62346e-08
3.9075 7.62346e-08
3.9085 7.62346e-08
3.9095 1.52469e-07
3.9105 7.62346e-08
3.9115 7.62346e-08
3.9125 7.62346e-08
3.9145 7.62346e-08
3.9155 7.62346e-08
3.9165 7.62346e-08
3.9175 1.52469e-07
3.9195 7.62346e-08
3.9205 1.52469e-07
3.9215 7.62346e-08
3.9245 2.28704e-07
3.9255 1.52469e-07
3.9265 2.28704e-07
3.9275 7.62346e-08
3.9285 7.62346e-08
3.9295 7.62346e-08
3.9315 7.62346e-08
3.9325 7.62346e-08
3.9355 7.62346e-08
3.9375 7.62346e-08
3.9385 7.62346e-08
3.9405 7.62346e-08
3.9415 7.62346e-08
3.9445 7.62346e-08
3.9455 1.52469e-07
3.9465 1.52469e-07
3.9475 7.62346e-08
3.9505 2.28704e-07
3.9525 1.52469e-07
3.9535 3.04938e-07
3.9545 7.62346e-08
3.9565 1.52469e-07
3.9585 7.62346e-08
3.9615 7.62346e-08
3.9625 1.52469e-07
3.9645 1.52469e-07
3.9655 7.62346e-08
3.9665 7.62346e-08
3.9695 1.52469e-07
3.9705 7.62346e-08
3.9735 7.62346e-08
3.9765 1.52469e-07
3.9775 7.62346e-08
3.9785 1.52469e-07
3.9815 7.62346e-08
3.9825 7.62346e-08
3.9835 1.52469e-07
3.9845 7.62346e-08
3.9865 2.28704e-07
3.9875 7.62346e-08
3.9885 7.62346e-08
3.9895 7.62346e-08
3.9935 7.62346e-08
3.9945 7.62346e-08
3.9955 1.52469e-07
3.9975 7.62346e-08
4.0015 7.62346e-08
4.0025 7.62346e-08
4.0045 7.62346e-08
4.0065 7.62346e-08
4.0075 7.62346e-08
4.0105 7.62346e-08
4.0115 1.52469e-07
4.0135 7.62346e-08
4.0175 2.28704e-07
4.0195 7.62346e-08
4.0205 2.28704e-07
4.0225 7.62346e-08
4.0235 7.62346e-08
4.0245 7.62346e-08
4.0275 7.62346e-08
4.0295 7.62346e-08
4.0305 7.62346e-08
4.0315 3.04938e-07
4.0325 7.62346e-08
4.0355 1.52469e-07
4.0385 7.62346e-08
4.0395 3.04938e-07
4.0415 1.52469e-07
4.0425 7.62346e-08
4.0435 2.28704e-07
4.0465 7.62346e-08
4.0485 1.52469e-07
4.0495 1.52469e-07
4.0505 1.52469e-07
4.0515 1.52469e-07
4.0525 1.52469e-07
4.0535 2.28704e-07
4.0545 1.52469e-07
4.0565 1.52469e-07
4.0585 7.62346e-08
4.0605 7.62346e-08
4.0615 2.28704e-07
4.0625 1.52469e-07
4.0635 3.04938e-07
4.0645 1.52469e-07
4.0665 7.62346e-08
4.0685 7.62346e-08
4.0705 1.52469e-07
4.0715 7.62346e-08
4.0725 7.62346e-08
4.0735 3.81173e-07
4.0755 7.62346e-08
4.0785 2.28704e-07
4.0795 2.28704e-07
4.0805 7.62346e-08
4.0815 2.28704e-07
4.0825 1.52469e-07
4.0835 7.62346e-08
4.0855 2.28704e-07
4.0865 1.52469e-07
4.0875 7.62346e-08
4.0885 7.62346e-08
4.0895 1.52469e-07
4.0905 3.04938e-07
4.0925 7.62346e-08
4.0935 3.04938e-07
4.0945 3.04938e-07
4.0955 1.52469e-07
4.0965 7.62346e-08
4.0975 2.28704e-07
4.0985 1.52469e-07
4.0995 1.52469e-07
4.1015 2.28704e-07
4.1025 7.62346e-08
4.1035 1.52469e-07
4.1045 7.62346e-08
4.1055 7.62346e-08
4.1065 1.52469e-07
4.1075 7.62346e-08
4.1095 7.62346e-08
4.1105 1.52469e-07
4.1115 7.62346e-08
4.1125 7.62346e-08
4.1135 3.04938e-07
4.1145 7.62346e-08
4.1155 7.62346e-08
4.1165 2.28704e-07
4.1175 2.28704e-07
4.1185 7.62346e-08
4.1205 2.28704e-07
4.1225 7.62346e-08
4.1235 1.52469e-07
4.1245 2.28704e-07
4.1255 1.52469e-07
4.1265 7.62346e-08
4.1275 1.52469e-07
4.1285 1.52469e-07
4.1295 1.52469e-07
4.1305 7.62346e-08
4.1315 1.52469e-07
4.1325 1.52469e-07
4.1335 1.52469e-07
4.1345 1.52469e-07
4.1365 7.62346e-08
4.1375 2.28704e-07
4.1385 1.52469e-07
4.1395 3.04938e-07
4.1405 2.28704e-07
4.1415 4.57407e-07
4.1425 2.28704e-07
4.1435 2.28704e-07
4.1455 7.62346e-08
4.1465 1.52469e-07
4.1475 3.04938e-07
4.1485 7.62346e-08
4.1495 4.57407e-07
4.1505 2.28704e-07
4.1515 2.28704e-07
4.1525 1.52469e-07
4.1535 2.28704e-07
4.1545 1.52469e-07
4.1555 1.52469e-07
4.1565 6.86111e-07
4.1575 3.04938e-07
4.1585 2.28704e-07
4.1595 1.52469e-07
4.1615 1.52469e-07
4.1625 3.04938e-07
4.1635 5.33642e-07
4.1645 2.28704e-07
4.1655 2.28704e-07
4.1665 3.04938e-07
4.1675 3.04938e-07
4.1685 7.62346e-08
4.1695 5.33642e-07
4.1705 1.52469e-07
4.1715 3.04938e-07
4.1725 2.28704e-07
4.1735 1.52469e-07
4.1745 1.52469e-07
4.1755 1.52469e-07
4.1765 1.52469e-07
4.1775 3.04938e-07
4.1785 3.81173e-07
4.1795 7.62346e-08
4.1805 1.52469e-07
4.1815 1.52469e-07
4.1825 7.62346e-08
4.1835 1.52469e-07
4.1845 1.52469e-07
4.1865 7.62346e-08
4.1875 7.62346e-08
4.1885 1.52469e-07
4.1895 7.62346e-08
4.1905 7.62346e-08
4.1915 1.52469e-07
4.1935 7.62346e-08
4.1945 1.52469e-07
4.1975 7.62346e-08
4.2005 7.62346e-08
4.2055 7.62346e-08
4.2085 7.62346e-08
4.2135 1.52469e-07
4.2165 7.62346e-08
4.2205 7.62346e-08
4.2245 7.62346e-08
4.2285 7.62346e-08
4.2305 7.62346e-08
4.2325 7.62346e-08
4.2335 7.62346e-08
4.2345 1.52469e-07
4.2355 7.62346e-08
4.2385 7.62346e-08
4.2395 7.62346e-08
4.2435 1.52469e-07
4.2465 7.62346e-08
4.2485 7.62346e-08
4.2575 7.62346e-08
4.2595 7.62346e-08
4.2615 7.62346e-08
4.2665 7.62346e-08
4.2695 7.62346e-08
4.2715 7.62346e-08
4.2745 7.62346e-08
4.2775 7.62346e-08
4.2845 7.62346e-08
4.2855 7.62346e-08
4.2885 1.52469e-07
4.2925 7.62346e-08
4.2965 1.52469e-07
4.2975 1.52469e-07
4.2985 7.62346e-08
4.3015 7.62346e-08
4.3035 1.52469e-07
4.3065 7.62346e-08
4.3075 7.62346e-08
4.3115 7.62346e-08
4.3125 1.52469e-07
4.3145 1.52469e-07
4.3175 7.62346e-08
4.3215 7.62346e-08
4.3225 1.52469e-07
4.3255 2.28704e-07
4.3315 7.62346e-08
4.3325 7.62346e-08
4.3385 7.62346e-08
4.3405 1.52469e-07
4.3425 7.62346e-08
4.3445 7.62346e-08
4.3505 7.62346e-08
4.3515 7.62346e-08
4.3535 7.62346e-08
4.3575 7.62346e-08
4.3595 7.62346e-08
4.3635 7.62346e-08
4.3655 7.62346e-08
4.3665 7.62346e-08
4.3675 7.62346e-08
4.3685 7.62346e-08
4.3715 7.62346e-08
4.3735 7.62346e-08
4.3765 7.62346e-08
4.3805 1.52469e-07
4.3825 2.28704e-07
4.3835 7.62346e-08
4.3855 7.62346e-08
4.3885 7.62346e-08
4.3915 7.62346e-08
4.3935 7.62346e-08
4.3945 7.62346e-08
4.4045 7.62346e-08
4.4055 7.62346e-08
4.4085 7.62346e-08
4.4105 1.52469e-07
4.4115 7.62346e-08
4.4145 7.62346e-08
4.4165 1.52469e-07
4.4175 1.52469e-07
4.4185 7.62346e-08
4.4195 7.62346e-08
4.4235 1.52469e-07
4.4245 7.62346e-08
4.4265 7.62346e-08
4.4275 7.62346e-08
4.4285 1.52469e-07
4.4305 1.52469e-07
4.4315 1.52469e-07
4.4325 2.28704e-07
4.4335 2.28704e-07
4.4345 2.28704e-07
4.4355 2.28704e-07
4.4365 1.21975e-06
4.4375 3.71262e-05
4.4385 1
4.4425 7.62346e-08
4.4495 7.62346e-08
4.4535 7.62346e-08
4.4595 1.52469e-07
4.4625 7.62346e-08
4.4635 7.62346e-08
4.4675 7.62346e-08
4.4745 7.62346e-08
4.4815 7.62346e-08
4.4825 7.62346e-08
4.4835 7.62346e-08
4.4915 7.62346e-08
4.4935 7.62346e-08
4.4955 7.62346e-08
4.4975 7.62346e-08
4.4985 7.62346e-08
4.5075 7.62346e-08
4.5135 7.62346e-08
4.5185 7.62346e-08
4.5225 7.62346e-08
4.5235 7.62346e-08
4.5295 1.52469e-07
4.5415 7.62346e-08
4.5485 7.62346e-08
4.5505 7.62346e-08
4.5565 7.62346e-08
4.5645 7.62346e-08
4.5655 1.52469e-07
4.5665 7.62346e-08
4.5755 7.62346e-08
4.5905 7.62346e-08
4.5925 7.62346e-08
4.5965 7.62346e-08
4.6025 1.52469e-07
4.6045 7.62346e-08
4.6065 7.62346e-08
4.6075 7.62346e-08
4.6095 7.62346e-08
4.6145 7.62346e-08
4.6215 7.62346e-08
4.6245 7.62346e-08
4.6265 7.62346e-08
4.6305 7.62346e-08
4.6335 7.62346e-08
4.6405 7.62346e-08
4.6445 7.62346e-08
4.6455 1.52469e-07
4.6515 7.62346e-08
4.6545 7.62346e-08
4.6635 7.62346e-08
4.6745 1.52469e-07
4.6765 1.52469e-07
4.6775 7.62346e-08
4.6785 3.04938e-07
4.6795 7.62346e-08
4.6815 1.52469e-07
4.6825 2.28704e-07
4.6835 2.28704e-07
4.6845 7.62346e-08
4.6855 1.52469e-07
4.6865 7.62346e-08
4.6875 7.62346e-08
4.6885 2.28704e-07
4.6895 7.62346e-08
4.6905 1.52469e-07
4.6915 1.52469e-07
4.6945 1.52469e-07
4.6955 7.62346e-08
4.6965 7.62346e-08
4.6975 1.52469e-07
4.6985 7.62346e-08
4.6995 7.62346e-08
4.7025 2.28704e-07
4.7035 3.04938e-07
4.7065 2.28704e-07
4.7085 1.52469e-07
4.7095 2.28704e-07
4.7105 7.62346e-08
4.7115 3.04938e-07
4.7125 2.28704e-07
4.7135 7.62346e-08
4.7145 7.62346e-08
4.7155 7.62346e-08
4.7165 7.62346e-08
4.7175 3.04938e-07
4.7185 7.62346e-08
4.7195 1.52469e-07
4.7225 1.52469e-07
4.7235 7.62346e-08
4.7245 7.62346e-08
4.7255 7.62346e-08
4.7285 7.62346e-08
4.7305 7.62346e-08
4.7325 1.52469e-07
4.7345 7.62346e-08
4.7355 1.52469e-07
4.7365 1.52469e-07
4.7385 7.62346e-08
4.7395 7.62346e-08
4.7405 7.62346e-08
4.7425 7.62346e-08
4.7435 2.28704e-07
4.7445 1.52469e-07
4.7455 7.62346e-08
4.7465 1.52469e-07
4.7475 7.62346e-08
4.7495 7.62346e-08
4.7535 7.62346e-08
4.7555 1.52469e-07
4.7575 1.52469e-07
4.7595 7.62346e-08
4.7625 7.62346e-08
4.7675 7.62346e-08
4.7685 7.62346e-08
4.7705 7.62346e-08
4.7715 1.52469e-07
4.7735 2.28704e-07
4.7755 7.62346e-08
4.7785 7.62346e-08
4.7815 7.62346e-08
4.7865 7.62346e-08
4.7895 7.62346e-08
4.7935 1.52469e-07
4.7945 2.28704e-07
4.7955 7.62346e-08
4.7975 7.62346e-08
4.7995 7.62346e-08
4.8015 1.52469e-07
4.8025 7.62346e-08
4.8035 7.62346e-08
4.8055 1.52469e-07
4.8085 7.62346e-08
4.8125 1.52469e-07
4.8135 7.62346e-08
4.8175 1.52469e-07
4.8185 7.62346e-08
4.8225 7.62346e-08
4.8235 1.52469e-07
4.8245 7.62346e-08
4.8255 7.62346e-08
4.8265 7.62346e-08
4.8275 7.62346e-08
4.8315 7.62346e-08
4.8335 7.62346e-08
4.8365 7.62346e-08
4.8385 7.62346e-08
4.8415 7.62346e-08
4.8435 7.62346e-08
4.8455 2.28704e-07
4.8475 7.62346e-08
4.8495 7.62346e-08
4.8525 7.62346e-08
4.8565 7.62346e-08
4.8575 7.62346e-08
4.8605 2.28704e-07
4.8635 7.62346e-08
4.8645 7.62346e-08
4.8675 7.62346e-08
4.8695 7.62346e-08
4.8705 7.62346e-08
4.8745 7.62346e-08
4.8785 7.62346e-08
4.8805 7.62346e-08
4.8825 7.62346e-08
4.8835 1.52469e-07
4.8845 1.52469e-07
4.8855 7.62346e-08
4.8865 7.62346e-08
4.8875 1.52469e-07
4.8885 7.62346e-08
4.8905 7.62346e-08
4.8975 1.52469e-07
4.9005 7.62346e-08
4.9045 7.62346e-08
4.9065 3.04938e-07
4.9075 7.62346e-08
4.9085 1.52469e-07
4.9135 7.62346e-08
4.9145 7.62346e-08
4.9185 7.62346e-08
4.9195 2.28704e-07
4.9205 7.62346e-08
4.9235 1.52469e-07
4.9265 7.62346e-08
4.9275 3.04938e-07
4.9305 1.52469e-07
4.9315 7.62346e-08
4.9335 7.62346e-08
4.9355 7.62346e-08
4.9365 7.62346e-08
4.9395 2.28704e-07
4.9415 1.52469e-07
4.9435 7.62346e-08
4.9445 7.62346e-08
4.9455 7.62346e-08
4.9465 1.52469e-07
4.9485 3.81173e-07
4.9515 7.62346e-08
4.9525 1.52469e-07
4.9545 7.62346e-08
4.9565 7.62346e-08
4.9585 7.62346e-08
4.9625 7.62346e-08
4.9635 7.62346e-08
4.9675 7.62346e-08
4.9685 7.62346e-08
4.9695 7.62346e-08
4.9705 7.62346e-08
4.9715 7.62346e-08
4.9735 7.62346e-08
4.9765 1.52469e-07
4.9785 7.62346e-08
4.9795 7.62346e-08
4.9805 7.62346e-08
4.9825 7.62346e-08
4.9835 7.62346e-08
4.9845 7.62346e-08
4.9865 1.52469e-07
4.9905 2.28704e-07
4.9915 7.62346e-08
4.9925 7.62346e-08
4.9935 1.52469e-07
4.9965 7.62346e-08
4.9985 7.62346e-08
5.0005 3.04938e-07
5.0025 1.52469e-07
5.0045 1.52469e-07
5.0065 7.62346e-08
5.0085 7.62346e-08
5.0105 7.62346e-08
5.0125 7.62346e-08
5.0145 2.28704e-07
5.0165 7.62346e-08
5.0185 1.52469e-07
5.0205 7.62346e-08
5.0215 7.62346e-08
5.0245 7.62346e-08
5.0255 1.52469e-07
5.0275 7.62346e-08
5.0295 1.52469e-07
5.0305 7.62346e-08
5.0335 7.62346e-08
5.0345 7.62346e-08
5.0355 7.62346e-08
5.0365 7.62346e-08
5.0375 7.62346e-08
5.0405 7.62346e-08
5.0425 7.62346e-08
5.0435 7.62346e-08
5.0455 7.62346e-08
5.0475 7.62346e-08
5.0515 1.52469e-07
5.0535 1.52469e-07
5.0545 1.52469e-07
5.0595 1.52469e-07
5.0605 1.52469e-07
5.0615 7.62346e-08
5.0655 7.62346e-08
5.0665 1.52469e-07
5.0715 7.62346e-08
5.0725 2.28704e-07
5.0735 7.62346e-08
5.0755 7.62346e-08
5.0765 7.62346e-08
5.0775 7.62346e-08
5.0805 7.62346e-08
5.0815 7.62346e-08
5.0855 1.52469e-07
5.0885 2.28704e-07
5.0895 7.62346e-08
5.0935 7.62346e-08
5.0975 7.62346e-08
5.0985 7.62346e-08
5.1005 1.52469e-07
5.1015 7.62346e-08
5.1035 7.62346e-08
5.1055 1.52469e-07
5.1095 1.52469e-07
5.1105 1.52469e-07
5.1135 7.62346e-08
5.1175 7.62346e-08
5.1185 7.62346e-08
5.1195 7.62346e-08
5.1215 7.62346e-08
5.1235 1.52469e-07
5.1255 7.62346e-08
5.1265 1.52469e-07
5.1275 7.62346e-08
5.1335 7.62346e-08
5.1345 7.62346e-08
5.1355 7.62346e-08
5.1395 7.62346e-08
5.1405 1.52469e-07
5.1415 7.62346e-08
5.1425 7.62346e-08
5.1445 7.62346e-08
5.1465 7.62346e-08
5.1475 7.62346e-08
5.1485 7.62346e-08
5.1515 7.62346e-08
5.1525 7.62346e-08
5.1565 7.62346e-08
5.1575 7.62346e-08
5.1595 1.52469e-07
5.1635 7.62346e-08
5.1645 7.62346e-08
5.1655 1.52469e-07
5.1675 1.52469e-07
5.1685 1.52469e-07
5.1695 7.62346e-08
5.1715 7.62346e-08
5.1745 2.28704e-07
5.1755 1.52469e-07
5.1775 1.52469e-07
5.1785 7.62346e-08
5.1805 7.62346e-08
5.1815 1.52469e-07
5.1825 7.62346e-08
5.1865 7.62346e-08
5.1875 7.62346e-08
5.1885 7.62346e-08
5.1895 7.62346e-08
5.1925 7.62346e-08
5.1945 7.62346e-08
5.1955 7.62346e-08
5.1965 7.62346e-08
5.1975 7.62346e-08
5.1985 7.62346e-08
5.2045 7.62346e-08
5.2055 7.62346e-08
5.2065 7.62346e-08
5.2135 7.62346e-08
5.2165 7.62346e-08
5.2185 1.52469e-07
5.2225 7.62346e-08
5.2245 7.62346e-08
5.2275 7.62346e-08
5.2285 7.62346e-08
5.2305 7.62346e-08
5.2315 7.62346e-08
5.2325 7.62346e-08
5.2385 7.62346e-08
5.2395 7.62346e-08
5.2465 1.52469e-07
5.2515 7.62346e-08
5.2525 2.28704e-07
5.2535 7.62346e-08
5.2565 7.62346e-08
5.2575 7.62346e-08
5.2605 7.62346e-08
5.2615 7.62346e-08
5.2625 7.62346e-08
5.2645 1.52469e-07
5.2655 7.62346e-08
5.2685 7.62346e-08
5.2725 7.62346e-08
5.2735 3.04938e-07
5.2805 7.62346e-08
5.2825 7.62346e-08
5.2835 7.62346e-08
5.2845 1.52469e-07
5.2885 2.28704e-07
5.2895 7.62346e-08
5.2965 7.62346e-08
5.2985 7.62346e-08
5.3015 7.62346e-08
5.3025 7.62346e-08
5.3035 1.52469e-07
5.3065 7.62346e-08
5.3085 7.62346e-08
5.3125 7.62346e-08
5.3135 1.52469e-07
5.3145 1.52469e-07
5.3155 1.52469e-07
5.3165 7.62346e-08
5.3215 7.62346e-08
5.3225 7.62346e-08
5.3245 1.52469e-07
5.3255 7.62346e-08
5.3265 7.62346e-08
5.3295 7.62346e-08
5.3305 7.62346e-08
5.3315 1.52469e-07
5.3345 7.62346e-08
5.3355 1.52469e-07
5.3395 7.62346e-08
5.3435 2.28704e-07
5.3445 7.62346e-08
5.3465 7.62346e-08
5.3485 3.04938e-07
5.3515 7.62346e-08
5.3535 7.62346e-08
5.3545 7.62346e-08
5.3565 1.52469e-07
5.3585 1.52469e-07
5.3605 7.62346e-08
5.3625 7.62346e-08
5.3635 7.62346e-08
5.3675 7.62346e-08
5.3685 7.62346e-08
5.3695 1.52469e-07
5.3715 7.62346e-08
5.3725 7.62346e-08
5.3745 7.62346e-08
5.3775 7.62346e-08
5.3785 2.28704e-07
5.3795 7.62346e-08
5.3815 7.62346e-08
5.3845 7.62346e-08
5.3855 1.52469e-07
5.3955 1.52469e-07
5.3975 7.62346e-08
5.3985 7.62346e-08
5.4015 7.62346e-08
5.4065 7.62346e-08
5.4075 7.62346e-08
5.4135 7.62346e-08
5.4145 7.62346e-08
5.4155 7.62346e-08
5.4165 1.52469e-07
5.4195 1.52469e-07
5.4205 7.62346e-08
5.4215 7.62346e-08
5.4225 2.28704e-07
5.4235 7.62346e-08
5.4245 3.04938e-07
5.4285 7.62346e-08
5.4325 7.62346e-08
5.4335 7.62346e-08
5.4475 1.52469e-07
5.4485 7.62346e-08
5.4495 7.62346e-08
5.4525 1.52469e-07
5.4545 7.62346e-08
5.4555 7.62346e-08
5.4565 1.52469e-07
5.4595 7.62346e-08
5.4615 7.62346e-08
5.4625 7.62346e-08
5.4635 7.62346e-08
5.4645 7.62346e-08
5.4655 7.62346e-08
5.4665 7.62346e-08
5.4675 7.62346e-08
5.4695 7.62346e-08
5.4715 1.52469e-07
5.4745 7.62346e-08
5.4755 1.52469e-07
5.4765 7.62346e-08
5.4785 1.52469e-07
5.4795 1.52469e-07
5.4805 2.28704e-07
5.4815 1.52469e-07
5.4825 3.04938e-07
5.4835 7.62346e-08
5.4845 1.52469e-07
5.4855 7.62346e-08
5.4895 7.62346e-08
5.4945 7.62346e-08
5.5005 7.62346e-08
5.5055 1.52469e-07
5.5065 7.62346e-08
5.5095 1.52469e-07
5.5125 7.62346e-08
5.5165 7.62346e-08
5.5185 7.62346e-08
5.5195 7.62346e-08
5.5205 3.04938e-07
5.5265 7.62346e-08
5.5285 1.52469e-07
5.5295 7.62346e-08
5.5395 7.62346e-08
5.5405 2.28704e-07
5.5425 7.62346e-08
5.5485 7.62346e-08
5.5515 7.62346e-08
5.5535 7.62346e-08
5.5555 7.62346e-08
5.5565 7.62346e-08
5.5585 7.62346e-08
5.5625 7.62346e-08
5.5645 7.62346e-08
5.5655 7.62346e-08
5.5695 7.62346e-08
5.5735 7.62346e-08
5.5745 1.52469e-07
5.5755 7.62346e-08
5.5765 7.62346e-08
5.5775 1.52469e-07
5.5835 7.62346e-08
5.5845 1.52469e-07
5.5855 7.62346e-08
5.5865 7.62346e-08
5.5905 7.62346e-08
5.5965 7.62346e-08
5.5985 7.62346e-08
5.6025 2.28704e-07
5.6045 7.62346e-08
5.6125 7.62346e-08
5.6165 1.52469e-07
5.6195 7.62346e-08
5.6215 7.62346e-08
5.6225 7.62346e-08
5.6235 7.62346e-08
5.6295 7.62346e-08
5.6305 7.62346e-08
5.6355 7.62346e-08
5.6365 7.62346e-08
5.6385 1.52469e-07
5.6395 7.62346e-08
5.6425 7.62346e-08
5.6445 7.62346e-08
5.6485 7.62346e-08
5.6505 7.62346e-08
5.6535 7.62346e-08
5.6545 7.62346e-08
5.6605 7.62346e-08
5.6625 7.62346e-08
5.6665 1.52469e-07
5.6775 2.28704e-07
5.6785 1.52469e-07
5.6795 7.62346e-08
5.6825 7.62346e-08
5.6835 7.62346e-08
5.6935 7.62346e-08
5.6975 7.62346e-08
5.7025 7.62346e-08
5.7035 7.62346e-08
5.7065 7.62346e-08
5.7075 1.52469e-07
5.7105 7.62346e-08
5.7165 1.52469e-07
5.7205 7.62346e-08
5.7255 7.62346e-08
5.7265 1.52469e-07
5.7295 7.62346e-08
5.7315 7.62346e-08
5.7325 7.62346e-08
5.7365 7.62346e-08
5.7395 7.62346e-08
5.7405 7.62346e-08
5.7415 7.62346e-08
5.7425 7.62346e-08
5.7465 7.62346e-08
5.7485 7.62346e-08
5.7505 1.52469e-07
5.7515 7.62346e-08
5.7555 7.62346e-08
5.7565 7.62346e-08
5.7575 7.62346e-08
5.7605 7.62346e-08
5.7705 1.52469e-07
5.7735 7.62346e-08
5.7745 7.62346e-08
5.7785 7.62346e-08
5.7825 2.28704e-07
5.7835 7.62346e-08
5.7845 7.62346e-08
5.7855 7.62346e-08
5.7865 7.62346e-08
5.7875 7.62346e-08
5.7885 7.62346e-08
5.7915 7.62346e-08
5.7925 7.62346e-08
5.7935 7.62346e-08
5.7995 7.62346e-08
5.8035 7.62346e-08
5.8055 7.62346e-08
5.8065 7.62346e-08
5.8135 7.62346e-08
5.8145 1.52469e-07
5.8155 7.62346e-08
5.8185 7.62346e-08
5.8195 7.62346e-08
5.8215 7.62346e-08
5.8235 7.62346e-08
5.8295 7.62346e-08
5.8305 1.52469e-07
5.8345 7.62346e-08
5.8435 7.62346e-08
5.8465 7.62346e-08
5.8495 7.62346e-08
5.8505 7.62346e-08
5.8555 7.62346e-08
5.8575 7.62346e-08
5.8605 7.62346e-08
5.8635 7.62346e-08
5.8645 1.52469e-07
5.8705 1.52469e-07
5.8715 7.62346e-08
5.8735 7.62346e-08
5.8795 7.62346e-08
5.8865 7.62346e-08
5.8915 7.62346e-08
5.8935 1.52469e-07
5.8945 7.62346e-08
5.8955 2.28704e-07
5.8965 7.62346e-08
5.9005 7.62346e-08
5.9045 1.52469e-07
5.9055 7.62346e-08
5.9115 2.28704e-07
5.9175 7.62346e-08
5.9195 1.52469e-07
5.9215 1.52469e-07
5.9235 7.62346e-08
5.9245 7.62346e-08
5.9265 1.52469e-07
5.9295 7.62346e-08
5.9315 7.62346e-08
5.9325 7.62346e-08
5.9435 7.62346e-08
5.9445 7.62346e-08
5.9455 7.62346e-08
5.9505 7.62346e-08
5.9525 7.62346e-08
5.9565 7.62346e-08
5.9615 7.62346e-08
5.9675 7.62346e-08
5.9685 7.62346e-08
5.9695 7.62346e-08
5.9745 1.52469e-07
5.9755 7.62346e-08
5.9825 7.62346e-08
5.9845 7.62346e-08
5.9875 7.62346e-08
5.9915 1.52469e-07
5.9955 7.62346e-08
5.9995 7.62346e-08
6.0015 7.62346e-08
6.0055 7.62346e-08
6.0075 7.62346e-08
6.0155 7.62346e-08
6.0325 7.62346e-08
6.0355 1.52469e-07
6.0405 7.62346e-08
6.0415 7.62346e-08
6.0455 7.62346e-08
6.0475 7.62346e-08
6.0515 7.62346e-08
6.0535 7.62346e-08
6.0565 7.62346e-08
6.0635 7.62346e-08
6.0645 3.04938e-07
6.0715 7.62346e-08
6.0725 7.62346e-08
6.0735 7.62346e-08
6.0745 7.62346e-08
6.0765 2.28704e-07
6.0795 7.62346e-08
6.0845 1.52469e-07
6.0875 7.62346e-08
6.0895 7.62346e-08
6.0935 7.62346e-08
6.0945 1.52469e-07
6.0955 7.62346e-08
6.0965 7.62346e-08
6.0975 7.62346e-08
6.0985 7.62346e-08
6.1015 7.62346e-08
6.1045 7.62346e-08
6.1055 7.62346e-08
6.1085 7.62346e-08
6.1105 1.52469e-07
6.1185 7.62346e-08
6.1205 1.52469e-07
6.1215 7.62346e-08
6.1225 1.52469e-07
6.1265 7.62346e-08
6.1285 7.62346e-08
6.1355 7.62346e-08
6.1385 7.62346e-08
6.1395 7.62346e-08
6.1455 1.52469e-07
6.1485 1.52469e-07
6.1495 7.62346e-08
6.1615 7.62346e-08
6.1625 7.62346e-08
6.1635 7.62346e-08
6.1655 7.62346e-08
6.1715 7.62346e-08
6.1735 7.62346e-08
6.1745 7.62346e-08
6.1755 1.52469e-07
6.1775 7.62346e-08
6.1785 7.62346e-08
6.1805 7.62346e-08
6.1825 7.62346e-08
6.1835 7.62346e-08
6.1855 7.62346e-08
6.1865 1.52469e-07
6.1895 1.52469e-07
6.1905 7.62346e-08
6.1915 1.52469e-07
6.1935 7.62346e-08
6.1945 7.62346e-08
6.1955 1.52469e-07
6.1995 7.62346e-08
6.2025 1.52469e-07
6.2035 7.62346e-08
6.2065 1.52469e-07
6.2095 7.62346e-08
6.2115 7.62346e-08
6.2145 7.62346e-08
6.2175 1.52469e-07
6.2195 7.62346e-08
6.2215 2.28704e-07
6.2265 7.62346e-08
6.2285 7.62346e-08
6.2295 7.62346e-08
6.2305 7.62346e-08
6.2325 7.62346e-08
6.2335 7.62346e-08
6.2345 7.62346e-08
6.2445 7.62346e-08
6.2465 2.28704e-07
6.2525 7.62346e-08
6.2605 1.52469e-07
6.2635 7.62346e-08
6.2665 1.52469e-07
6.2675 7.62346e-08
6.2685 7.62346e-08
6.2725 7.62346e-08
6.2775 7.62346e-08
6.2795 7.62346e-08
6.2815 7.62346e-08
6.2845 1.52469e-07
6.2885 7.62346e-08
6.2895 7.62346e-08
6.2935 1.52469e-07
6.2975 7.62346e-08
6.2985 7.62346e-08
6.3075 7.62346e-08
6.3125 7.62346e-08
6.3145 7.62346e-08
6.3175 7.62346e-08
6.3225 7.62346e-08
6.3235 7.62346e-08
6.3295 1.52469e-07
6.3375 7.62346e-08
6.3395 7.62346e-08
6.3425 7.62346e-08
6.3435 7.62346e-08
6.3455 7.62346e-08
6.3485 7.62346e-08
6.3525 7.62346e-08
6.3555 7.62346e-08
6.3635 7.62346e-08
6.3725 1.52469e-07
6.3735 7.62346e-08
6.3745 7.62346e-08
6.3765 7.62346e-08
6.3785 1.52469e-07
6.3825 7.62346e-08
6.3845 7.62346e-08
6.3865 7.62346e-08
6.3885 7.62346e-08
6.3905 7.62346e-08
6.3925 7.62346e-08
6.3945 7.62346e-08
6.3965 7.62346e-08
6.4045 7.62346e-08
6.4055 7.62346e-08
6.4075 7.62346e-08
6.4145 7.62346e-08
6.4175 7.62346e-08
6.4225 7.62346e-08
6.4235 1.52469e-07
6.4255 7.62346e-08
6.4275 7.62346e-08
6.4335 7.62346e-08
6.4345 7.62346e-08
6.4375 1.52469e-07
6.4385 1.52469e-07
6.4405 7.62346e-08
6.4425 7.62346e-08
6.4455 1.52469e-07
6.4515 1.52469e-07
6.4635 7.62346e-08
6.4645 7.62346e-08
6.4655 7.62346e-08
6.4695 7.62346e-08
6.4715 7.62346e-08
6.4765 7.62346e-08
6.4805 7.62346e-08
6.4865 1.52469e-07
6.4875 1.52469e-07
6.4905 7.62346e-08
6.4915 7.62346e-08
6.4935 7.62346e-08
6.4965 7.62346e-08
6.4995 7.62346e-08
6.5015 7.62346e-08
6.5025 1.52469e-07
6.5035 3.04938e-07
6.5045 3.81173e-06
6.5055 0.112626
6.5075 7.62346e-08
6.5085 7.62346e-08
6.5185 7.62346e-08
6.5225 7.62346e-08
6.5265 7.62346e-08
6.5315 7.62346e-08
6.5355 7.62346e-08
6.5365 7.62346e-08
6.5375 7.62346e-08
6.5405 1.52469e-07
6.5435 7.62346e-08
6.5465 7.62346e-08
6.5475 7.62346e-08
6.5525 7.62346e-08
6.5535 7.62346e-08
6.5575 7.62346e-08
6.5585 7.62346e-08
6.5595 7.62346e-08
6.5615 7.62346e-08
6.5665 7.62346e-08
6.5685 7.62346e-08
6.5755 7.62346e-08
6.5765 1.52469e-07
6.5795 7.62346e-08
6.5825 7.62346e-08
6.5835 7.62346e-08
6.5845 7.62346e-08
6.5865 7.62346e-08
6.5885 7.62346e-08
6.5915 1.52469e-07
6.5935 7.62346e-08
6.5945 1.52469e-07
6.5955 1.52469e-07
6.6005 7.62346e-08
6.6015 7.62346e-08
6.6025 7.62346e-08
6.6045 7.62346e-08
6.6055 7.62346e-08
6.6085 1.52469e-07
6.6095 7.62346e-08
6.6145 7.62346e-08
6.6165 7.62346e-08
6.6245 7.62346e-08
6.6295 7.62346e-08
6.6325 7.62346e-08
6.6345 7.62346e-08
6.6365 7.62346e-08
6.6405 7.62346e-08
6.6415 1.52469e-07
6.6515 7.62346e-08
6.6525 7.62346e-08
6.6575 7.62346e-08
6.6585 1.52469e-07
6.6595 7.62346e-08
6.6625 2.28704e-07
6.6655 7.62346e-08
6.6725 7.62346e-08
6.6735 7.62346e-08
6.6745 7.62346e-08
6.6755 7.62346e-08
6.6765 7.62346e-08
6.6775 7.62346e-08
6.6805 7.62346e-08
6.6855 7.62346e-08
6.6875 7.62346e-08
6.6955 7.62346e-08
6.6975 1.52469e-07
6.7005 7.62346e-08
6.7055 1.52469e-07
6.7165 7.62346e-08
6.7195 7.62346e-08
6.7215 7.62346e-08
6.7325 7.62346e-08
6.7345 7.62346e-08
6.7405 7.62346e-08
6.7545 7.62346e-08
6.7555 7.62346e-08
6.7585 1.52469e-07
6.7605 7.62346e-08
6.7615 7.62346e-08
6.7625 7.62346e-08
6.7635 7.62346e-08
6.7645 7.62346e-08
6.7685 7.62346e-08
6.7695 7.62346e-08
6.7755 1.52469e-07
6.7795 7.62346e-08
6.7815 1.52469e-07
6.7845 7.62346e-08
6.7855 1.52469e-07
6.7875 1.52469e-07
6.7905 1.52469e-07
6.7915 7.62346e-08
6.7985 7.62346e-08
6.8025 1.52469e-07
6.8035 7.62346e-08
6.8105 7.62346e-08
6.8145 7.62346e-08
6.8165 2.28704e-07
6.8195 7.62346e-08
6.8205 7.62346e-08
6.8225 7.62346e-08
6.8235 7.62346e-08
6.8265 7.62346e-08
6.8275 7.62346e-08
6.8285 3.04938e-07
6.8305 1.52469e-07
6.8315 7.62346e-08
6.8325 7.62346e-08
6.8365 7.62346e-08
6.8395 2.28704e-07
6.8415 7.62346e-08
6.8485 7.62346e-08
6.8535 7.62346e-08
6.8545 7.62346e-08
6.8595 7.62346e-08
6.8605 1.52469e-07
6.8615 7.62346e-08
6.8715 7.62346e-08
6.8745 7.62346e-08
6.8785 7.62346e-08
6.8795 7.62346e-08
6.8835 7.62346e-08
6.8955 1.52469e-07
6.8995 7.62346e-08
6.9035 7.62346e-08
6.9065 7.62346e-08
6.9085 7.62346e-08
6.9195 7.62346e-08
6.9265 7.62346e-08
6.9275 7.62346e-08
6.9295 1.52469e-07
6.9305 7.62346e-08
6.9345 7.62346e-08
6.9365 7.62346e-08
6.9395 7.62346e-08
6.9455 1.52469e-07
6.9515 1.52469e-07
6.9715 7.62346e-08
6.9725 7.62346e-08
6.9765 7.62346e-08
6.9855 7.62346e-08
6.9875 7.62346e-08
6.9975 7.62346e-08
7.0045 7.62346e-08
7.0065 7.62346e-08
7.0075 1.52469e-07
7.0095 7.62346e-08
7.0115 7.62346e-08
7.0125 7.62346e-08
7.0155 1.52469e-07
7.0165 7.62346e-08
7.0175 7.62346e-08
7.0205 7.62346e-08
7.0225 7.62346e-08
7.0255 7.62346e-08
7.0265 1.52469e-07
7.0285 7.62346e-08
7.0335 7.62346e-08
7.0385 7.62346e-08
7.0405 1.52469e-07
7.0425 2.28704e-07
7.0435 7.62346e-08
7.0455 7.62346e-08
7.0505 1.52469e-07
7.0515 1.52469e-07
7.0535 7.62346e-08
7.0545 7.62346e-08
7.0555 7.62346e-08
7.0605 7.62346e-08
7.0635 1.52469e-07
7.0675 7.62346e-08
7.0685 7.62346e-08
7.0695 7.62346e-08
7.0705 7.62346e-08
7.0725 7.62346e-08
7.0745 7.62346e-08
7.0765 7.62346e-08
7.0805 7.62346e-08
7.0835 7.62346e-08
7.0925 7.62346e-08
7.0975 7.62346e-08
7.1015 7.62346e-08
7.1065 2.28704e-07
7.1085 7.62346e-08
7.1165 7.62346e-08
7.1195 7.62346e-08
7.1205 7.62346e-08
7.1225 7.62346e-08
7.1245 7.62346e-08
7.1265 7.62346e-08
7.1295 7.62346e-08
7.1335 7.62346e-08
7.1345 7.62346e-08
7.1355 7.62346e-08
7.1425 7.62346e-08
7.1455 7.62346e-08
7.1575 7.62346e-08
7.1595 7.62346e-08
7.1605 7.62346e-08
7.1615 7.62346e-08
7.1625 7.62346e-08
7.1725 7.62346e-08
7.1785 7.62346e-08
7.1815 1.52469e-07
7.1825 1.52469e-07
7.1865 7.62346e-08
7.1875 7.62346e-08
7.1885 7.62346e-08
7.1895 7.62346e-08
7.1905 7.62346e-08
7.1915 1.52469e-07
7.1935 7.62346e-08
7.1975 7.62346e-08
7.2005 7.62346e-08
7.2055 1.52469e-07
7.2115 7.62346e-08
7.2125 7.62346e-08
7.2165 7.62346e-08
7.2175 7.62346e-08
7.2185 7.62346e-08
7.2225 1.52469e-07
7.2235 7.62346e-08
7.2255 7.62346e-08
7.2395 7.62346e-08
7.2405 1.52469e-07
7.2465 1.52469e-07
7.2565 7.62346e-08
7.2615 7.62346e-08
7.2645 1.52469e-07
7.2685 7.62346e-08
7.2715 7.62346e-08
7.2735 7.62346e-08
7.2765 7.62346e-08
7.2785 7.62346e-08
7.2795 7.62346e-08
7.2815 7.62346e-08
7.2855 7.62346e-08
7.2865 1.52469e-07
7.2875 7.62346e-08
7.2895 7.62346e-08
7.2905 7.62346e-08
7.2915 7.62346e-08
7.3045 7.62346e-08
7.3085 7.62346e-08
7.3115 7.62346e-08
7.3135 7.62346e-08
7.3165 7.62346e-08
7.3175 7.62346e-08
7.3185 7.62346e-08
7.3215 7.62346e-08
7.3245 7.62346e-08
7.3275 1.52469e-07
7.3285 7.62346e-08
7.3315 7.62346e-08
7.3365 7.62346e-08
7.3375 7.62346e-08
7.3385 7.62346e-08
7.3395 7.62346e-08
7.3435 7.62346e-08
7.3445 7.62346e-08
7.3455 1.52469e-07
7.3525 7.62346e-08
7.3645 7.62346e-08
7.3695 7.62346e-08
7.3715 7.62346e-08
7.3765 1.52469e-07
7.3815 7.62346e-08
7.3825 7.62346e-08
7.3835 7.62346e-08
7.3865 7.62346e-08
7.3875 7.62346e-08
7.3885 7.62346e-08
7.3895 7.62346e-08
7.3905 7.62346e-08
7.3915 7.62346e-08
7.3925 7.62346e-08
7.3935 7.62346e-08
7.3945 7.62346e-08
7.3985 7.62346e-08
7.3995 7.62346e-08
7.4025 7.62346e-08
7.4045 7.62346e-08
7.4055 7.62346e-08
7.4105 7.62346e-08
7.4145 7.62346e-08
7.4175 1.52469e-07
7.4255 7.62346e-08
7.4265 7.62346e-08
7.4275 7.62346e-08
7.4305 7.62346e-08
7.4325 7.62346e-08
7.4525 7.62346e-08
7.4555 7.62346e-08
7.4615 7.62346e-08
7.4665 7.62346e-08
7.4685 7.62346e-08
7.4715 7.62346e-08
7.4785 7.62346e-08
7.4825 1.52469e-07
7.4885 7.62346e-08
7.4915 7.62346e-08
7.4935 7.62346e-08
7.5035 7.62346e-08
7.5045 7.62346e-08
7.5125 7.62346e-08
7.5185 7.62346e-08
7.5195 7.62346e-08
7.5265 7.62346e-08
7.5275 7.62346e-08
7.5295 7.62346e-08
7.5315 7.62346e-08
7.5345 7.62346e-08
7.5385 7.62346e-08
7.5525 7.62346e-08
7.5565 7.62346e-08
7.5575 7.62346e-08
7.5595 7.62346e-08
7.5615 7.62346e-08
7.5675 1.52469e-07
7.5745 7.62346e-08
7.5755 7.62346e-08
7.5765 1.52469e-07
7.5785 7.62346e-08
7.5805 7.62346e-08
7.5875 7.62346e-08
7.5895 7.62346e-08
7.5905 7.62346e-08
7.5915 7.62346e-08
7.5955 7.62346e-08
7.5995 7.62346e-08
7.6005 7.62346e-08
7.6065 7.62346e-08
7.6145 7.62346e-08
7.6195 7.62346e-08
7.6215 7.62346e-08
7.6225 7.62346e-08
7.6255 7.62346e-08
7.6275 7.62346e-08
7.6295 7.62346e-08
7.6355 7.62346e-08
7.6395 7.62346e-08
7.6405 7.62346e-08
7.6435 7.62346e-08
7.6475 7.62346e-08
7.6485 7.62346e-08
7.6525 7.62346e-08
7.6595 2.28704e-07
7.6605 7.62346e-08
7.6615 7.62346e-08
7.6695 7.62346e-08
7.6705 1.52469e-07
7.6725 7.62346e-08
7.6735 7.62346e-08
7.6915 7.62346e-08
7.6935 1.52469e-07
7.6955 1.52469e-07
7.7085 7.62346e-08
7.7135 7.62346e-08
7.7155 7.62346e-08
7.7255 7.62346e-08
7.7265 7.62346e-08
7.7285 7.62346e-08
7.7335 7.62346e-08
7.7345 7.62346e-08
7.7395 7.62346e-08
7.7515 1.52469e-07
7.7575 7.62346e-08
7.7595 7.62346e-08
7.7665 1.52469e-07
7.7695 7.62346e-08
7.7745 7.62346e-08
7.7775 7.62346e-08
7.7785 7.62346e-08
7.7815 7.62346e-08
7.7845 7.62346e-08
7.7875 7.62346e-08
7.7955 7.62346e-08
7.7975 1.52469e-07
7.7995 7.62346e-08
7.8005 7.62346e-08
7.8055 7.62346e-08
7.8085 7.62346e-08
7.8095 1.52469e-07
7.8115 7.62346e-08
7.8155 1.52469e-07
7.8215 7.62346e-08
7.8225 1.52469e-07
7.8235 7.62346e-08
7.8275 7.62346e-08
7.8295 1.52469e-07
7.8315 7.62346e-08
7.8395 7.62346e-08
7.8425 1.52469e-07
7.8465 7.62346e-08
7.8485 7.62346e-08
7.8495 7.62346e-08
7.8505 7.62346e-08
7.8515 7.62346e-08
7.8525 7.62346e-08
7.8655 7.62346e-08
7.8665 7.62346e-08
7.8695 7.62346e-08
7.8705 7.62346e-08
7.8745 7.62346e-08
7.8765 7.62346e-08
7.8795 7.62346e-08
7.8805 7.62346e-08
7.8845 7.62346e-08
7.8875 7.62346e-08
7.8885 7.62346e-08
7.8895 7.62346e-08
7.8905 7.62346e-08
7.8935 7.62346e-08
7.8945 7.62346e-08
7.8965 7.62346e-08
7.8985 1.52469e-07
7.9035 7.62346e-08
7.9105 7.62346e-08
7.9115 7.62346e-08
7.9155 7.62346e-08
7.9175 7.62346e-08
7.9195 2.28704e-07
7.9205 1.52469e-07
7.9215 7.62346e-08
7.9225 3.04938e-07
7.9235 1.52469e-07
7.9245 2.28704e-07
7.9255 1.52469e-07
7.9265 7.62346e-08
7.9275 2.28704e-07
7.9285 7.62346e-08
7.9305 7.62346e-08
7.9405 7.62346e-08
7.9455 7.62346e-08
7.9495 7.62346e-08
7.9575 7.62346e-08
7.9585 7.62346e-08
7.9605 7.62346e-08
7.9645 7.62346e-08
7.9675 7.62346e-08
7.9715 7.62346e-08
7.9815 1.52469e-07
7.9875 1.52469e-07
7.9885 7.62346e-08
7.9895 7.62346e-08
7.9975 7.62346e-08
7.9985 7.62346e-08
8.0015 7.62346e-08
8.0035 7.62346e-08
8.0075 7.62346e-08
8.0135 7.62346e-08
8.0145 7.62346e-08
8.0165 7.62346e-08
8.0195 7.62346e-08
8.0215 7.62346e-08
8.0245 7.62346e-08
8.0265 7.62346e-08
8.0275 7.62346e-08
8.0355 7.62346e-08
8.0375 7.62346e-08
8.0405 1.52469e-07
8.0475 7.62346e-08
8.0515 7.62346e-08
8.0545 7.62346e-08
8.0555 7.62346e-08
8.0565 7.62346e-08
8.0575 7.62346e-08
8.0585 7.62346e-08
8.0605 2.28704e-07
8.0615 1.52469e-07
8.0665 1.52469e-07
8.0745 7.62346e-08
8.0755 1.52469e-07
8.0765 7.62346e-08
8.0785 7.62346e-08
8.0815 7.62346e-08
8.0825 7.62346e-08
8.0845 7.62346e-08
8.0905 7.62346e-08
8.0915 7.62346e-08
8.0975 7.62346e-08
8.0985 7.62346e-08
8.1055 7.62346e-08
8.1105 7.62346e-08
8.1135 7.62346e-08
8.1155 7.62346e-08
8.1205 1.52469e-07
8.1225 7.62346e-08
8.1255 7.62346e-08
8.1305 1.52469e-07
8.1315 7.62346e-08
8.1325 2.28704e-07
8.1335 7.62346e-08
8.1365 7.62346e-08
8.1375 7.62346e-08
8.1395 7.62346e-08
8.1415 7.62346e-08
8.1465 2.28704e-07
8.1475 7.62346e-08
8.1485 7.62346e-08
8.1495 7.62346e-08
8.1555 7.62346e-08
8.1575 1.52469e-07
8.1605 7.62346e-08
8.1645 7.62346e-08
8.1675 1.52469e-07
8.1715 1.52469e-07
8.1735 7.62346e-08
8.1755 7.62346e-08
8.1775 7.62346e-08
8.1795 7.62346e-08
8.1815 7.62346e-08
8.1975 1.52469e-07
8.1985 7.62346e-08
8.1995 7.62346e-08
8.2005 7.62346e-08
8.2015 1.52469e-07
8.2045 1.52469e-07
8.2055 7.62346e-08
8.2075 7.62346e-08
8.2105 7.62346e-08
8.2125 2.28704e-07
8.2175 7.62346e-08
8.2195 7.62346e-08
8.2215 7.62346e-08
8.2255 1.52469e-07
8.2275 1.52469e-07
8.2295 7.62346e-08
8.2315 7.62346e-08
8.2325 7.62346e-08
8.2335 7.62346e-08
8.2355 7.62346e-08
8.2365 7.62346e-08
8.2375 7.62346e-08
8.2385 1.52469e-07
8.2425 7.62346e-08
8.2435 1.52469e-07
8.2455 1.52469e-07
8.2465 1.52469e-07
8.2495 7.62346e-08
8.2515 7.62346e-08
8.2535 7.62346e-08
8.2545 7.62346e-08
8.2565 7.62346e-08
8.2575 7.62346e-08
8.2585 7.62346e-08
8.2595 7.62346e-08
8.2645 7.62346e-08
8.2665 7.62346e-08
8.2685 1.52469e-07
8.2695 1.52469e-07
8.2715 2.28704e-07
8.2755 7.62346e-08
8.2775 1.52469e-07
8.2825 7.62346e-08
8.2855 1.52469e-07
8.2875 1.52469e-07
8.2895 7.62346e-08
8.2915 7.62346e-08
8.2925 7.62346e-08
8.2935 3.04938e-07
8.2945 7.62346e-08
8.2955 1.52469e-07
8.2985 7.62346e-08
8.3005 7.62346e-08
8.3025 7.62346e-08
8.3035 7.62346e-08
8.3055 7.62346e-08
8.3065 7.62346e-08
8.3075 1.52469e-07
8.3085 7.62346e-08
8.3095 7.62346e-08
8.3135 7.62346e-08
8.3145 2.28704e-07
8.3155 1.52469e-07
8.3165 7.62346e-08
8.3185 2.28704e-07
8.3205 7.62346e-08
8.3215 7.62346e-08
8.3225 1.52469e-07
8.3235 7.62346e-08
8.3245 2.28704e-07
8.3255 7.62346e-08
8.3265 1.52469e-07
8.3285 7.62346e-08
8.3295 1.52469e-07
8.3305 7.62346e-08
8.3345 1.52469e-07
8.3355 7.62346e-08
8.3405 7.62346e-08
8.3415 1.52469e-07
8.3425 7.62346e-08
8.3435 1.52469e-07
8.3445 1.52469e-07
8.3455 7.62346e-08
8.3475 1.52469e-07
8.3505 7.62346e-08
8.3515 1.52469e-07
8.3525 2.28704e-07
8.3535 7.62346e-08
8.3565 1.52469e-07
8.3585 7.62346e-08
8.3595 7.62346e-08
8.3615 7.62346e-08
8.3635 7.62346e-08
8.3645 1.52469e-07
8.3695 7.62346e-08
8.3705 7.62346e-08
8.3795 7.62346e-08
8.3835 7.62346e-08
8.3855 7.62346e-08
8.3895 7.62346e-08
8.3925 7.62346e-08
8.3955 7.62346e-08
8.3975 7.62346e-08
8.4015 7.62346e-08
8.4025 7.62346e-08
8.4055 7.62346e-08
8.4095 7.62346e-08
8.4135 7.62346e-08
8.4165 7.62346e-08
8.4195 7.62346e-08
8.4205 7.62346e-08
8.4245 7.62346e-08
8.4265 7.62346e-08
8.4275 7.62346e-08
8.4295 1.52469e-07
8.4325 7.62346e-08
8.4355 7.62346e-08
8.4395 3.04938e-07
8.4415 7.62346e-08
8.4465 7.62346e-08
8.4525 7.62346e-08
8.4545 7.62346e-08
8.4565 1.52469e-07
8.4635 7.62346e-08
8.4725 7.62346e-08
8.4765 7.62346e-08
8.4805 7.62346e-08
8.4825 7.62346e-08
8.4835 7.62346e-08
8.4885 7.62346e-08
8.4925 7.62346e-08
8.4955 7.62346e-08
8.4985 7.62346e-08
8.5015 7.62346e-08
8.5045 7.62346e-08
8.5055 7.62346e-08
8.5075 1.52469e-07
8.5085 7.62346e-08
8.5125 1.52469e-07
8.5155 1.52469e-07
8.5275 7.62346e-08
8.5295 7.62346e-08
8.5395 7.62346e-08
8.5455 7.62346e-08
8.5465 7.62346e-08
8.5495 7.62346e-08
8.5525 7.62346e-08
8.5535 7.62346e-08
8.5565 7.62346e-08
8.5575 7.62346e-08
8.5605 7.62346e-08
8.5665 1.52469e-07
8.5685 7.62346e-08
8.5755 7.62346e-08
8.5785 7.62346e-08
8.5805 7.62346e-08
8.5825 7.62346e-08
8.5895 7.62346e-08
8.5955 7.62346e-08
8.5965 7.62346e-08
8.5995 7.62346e-08
8.6045 7.62346e-08
8.6085 7.62346e-08
8.6095 7.62346e-08
8.6105 1.52469e-07
8.6135 7.62346e-08
8.6145 7.62346e-08
8.6155 7.62346e-08
8.6165 7.62346e-08
8.6195 1.52469e-07
8.6205 1.52469e-07
8.6235 7.62346e-08
8.6275 7.62346e-08
8.6325 7.62346e-08
8.6365 3.04938e-07
8.6415 1.52469e-07
8.6455 7.62346e-08
8.6485 7.62346e-08
8.6515 7.62346e-08
8.6555 7.62346e-08
8.6575 7.62346e-08
8.6585 7.62346e-08
8.6595 7.62346e-08
8.6615 7.62346e-08
8.6625 1.52469e-07
8.6655 1.52469e-07
8.6675 7.62346e-08
8.6695 7.62346e-08
8.6705 7.62346e-08
8.6735 7.62346e-08
8.6745 7.62346e-08
8.6755 7.62346e-08
8.6765 1.52469e-07
8.6775 7.62346e-08
8.6785 7.62346e-08
8.6805 1.52469e-07
8.6825 7.62346e-08
8.6835 7.62346e-08
8.6855 7.62346e-08
8.6945 7.62346e-08
8.6985 7.62346e-08
8.7015 7.62346e-08
8.7035 7.62346e-08
8.7045 1.52469e-07
8.7065 7.62346e-08
8.7085 1.52469e-07
8.7105 7.62346e-08
8.7145 2.28704e-07
8.7215 7.62346e-08
8.7265 7.62346e-08
8.7295 7.62346e-08
8.7305 2.28704e-07
8.7315 7.62346e-08
8.7335 7.62346e-08
8.7355 1.52469e-07
8.7375 7.62346e-08
8.7415 7.62346e-08
8.7425 7.62346e-08
8.7435 2.28704e-07
8.7445 1.52469e-07
8.7455 7.62346e-08
8.7465 7.62346e-08
8.7485 7.62346e-08
8.7505 7.62346e-08
8.7515 7.62346e-08
8.7525 7.62346e-08
8.7535 7.62346e-08
8.7565 1.52469e-07
8.7575 7.62346e-08
8.7615 7.62346e-08
8.7635 7.62346e-08
8.7645 7.62346e-08
8.7655 7.62346e-08
8.7665 7.62346e-08
8.7705 7.62346e-08
8.7745 7.62346e-08
8.7765 7.62346e-08
8.7795 7.62346e-08
8.7805 1.52469e-07
8.7865 1.52469e-07
8.7905 7.62346e-08
8.7945 7.62346e-08
8.7975 7.62346e-08
8.7995 7.62346e-08
8.8035 7.62346e-08
8.8045 7.62346e-08
8.8095 7.62346e-08
8.8145 7.62346e-08
8.8185 1.52469e-07
8.8205 7.62346e-08
8.8255 7.62346e-08
8.8275 1.52469e-07
8.8285 7.62346e-08
8.8295 7.62346e-08
8.8305 7.62346e-08
8.8335 2.28704e-07
8.8395 1.52469e-07
8.8455 7.62346e-08
8.8495 7.62346e-08
8.8535 1.52469e-07
8.8545 7.62346e-08
8.8555 7.62346e-08
8.8585 1.52469e-07
8.8605 2.28704e-07
8.8615 4.57407e-07
8.8635 4.57407e-07
8.8645 3.81173e-07
8.8655 8.3858e-07
8.8665 9.14815e-07
8.8675 1.44846e-06
8.8685 9.14815e-07
8.8695 1.67716e-06
8.8705 1.52469e-06
8.8715 1.60093e-06
8.8725 2.2108e-06
8.8735 1.37222e-06
8.8745 2.36327e-06
8.8755 5.26019e-06
8.8765 2.28704e-07
8.8785 1.52469e-07
8.8795 7.62346e-08
8.8845 7.62346e-08
8.8875 7.62346e-08
8.8965 7.62346e-08
8.8975 7.62346e-08
8.8995 7.62346e-08
8.9005 7.62346e-08
8.9065 7.62346e-08
8.9075 7.62346e-08
8.9125 1.52469e-07
8.9205 7.62346e-08
8.9235 7.62346e-08
8.9255 7.62346e-08
8.9265 1.52469e-07
8.9275 7.62346e-08
8.9295 7.62346e-08
8.9335 7.62346e-08
8.9345 7.62346e-08
8.9355 7.62346e-08
8.9365 7.62346e-08
8.9415 7.62346e-08
8.9445 7.62346e-08
8.9455 7.62346e-08
8.9465 7.62346e-08
8.9475 1.52469e-07
8.9485 3.04938e-07
8.9495 4.95525e-06
8.9505 0.122127
8.9555 7.62346e-08
8.9565 7.62346e-08
8.9695 7.62346e-08
8.9715 7.62346e-08
8.9915 7.62346e-08
8.9965 1.52469e-07
9.0015 7.62346e-08
9.0025 7.62346e-08
9.0295 7.62346e-08
9.0305 7.62346e-08
9.0415 7.62346e-08
9.0485 7.62346e-08
9.0525 7.62346e-08
9.0565 7.62346e-08
9.0595 7.62346e-08
9.0605 7.62346e-08
9.0625 7.62346e-08
9.0645 7.62346e-08
9.0655 7.62346e-08
9.0695 7.62346e-08
9.0785 7.62346e-08
9.0835 7.62346e-08
9.0875 7.62346e-08
9.0885 7.62346e-08
9.0905 7.62346e-08
9.0915 7.62346e-08
9.1015 7.62346e-08
9.1135 7.62346e-08
9.1175 7.62346e-08
9.1185 7.62346e-08
9.1235 7.62346e-08
9.1285 7.62346e-08
9.1335 1.52469e-07
9.1365 7.62346e-08
9.1455 7.62346e-08
9.1475 7.62346e-08
9.1485 7.62346e-08
9.1545 1.52469e-07
9.1555 7.62346e-08
9.1715 7.62346e-08
9.1725 7.62346e-08
9.1765 7.62346e-08
9.1775 7.62346e-08
9.1835 7.62346e-08
9.1865 7.62346e-08
9.1935 7.62346e-08
9.1945 7.62346e-08
9.1955 7.62346e-08
9.1985 1.52469e-07
9.2005 7.62346e-08
9.2025 7.62346e-08
9.2035 7.62346e-08
9.2095 7.62346e-08
9.2125 7.62346e-08
9.2175 7.62346e-08
9.2205 7.62346e-08
9.2225 7.62346e-08
9.2235 7.62346e-08
9.2245 2.28704e-07
9.2255 7.62346e-08
9.2325 7.62346e-08
9.2335 7.62346e-08
9.2345 7.62346e-08
9.2355 7.62346e-08
9.2395 7.62346e-08
9.2405 7.62346e-08
9.2455 7.62346e-08
9.2495 1.52469e-07
9.2585 7.62346e-08
9.2615 7.62346e-08
9.2665 1.52469e-07
9.2695 7.62346e-08
9.2725 7.62346e-08
9.2755 7.62346e-08
9.2775 7.62346e-08
9.2795 7.62346e-08
9.2815 1.52469e-07
9.2895 7.62346e-08
9.2965 7.62346e-08
9.2995 7.62346e-08
9.3005 7.62346e-08
9.3025 7.62346e-08
9.3045 7.62346e-08
9.3105 7.62346e-08
9.3335 7.62346e-08
9.3365 7.62346e-08
9.3375 7.62346e-08
9.3385 1.52469e-07
9.3415 7.62346e-08
9.3425 7.62346e-08
9.3485 7.62346e-08
9.3505 1.52469e-07
9.3535 2.28704e-07
9.3545 7.62346e-08
9.3565 7.62346e-08
9.3575 7.62346e-08
9.3595 1.52469e-07
9.3605 7.62346e-08
9.3705 7.62346e-08
9.3715 7.62346e-08
9.3835 7.62346e-08
9.3995 1.52469e-07
9.4005 7.62346e-08
9.4025 7.62346e-08
9.4085 7.62346e-08
9.4135 2.28704e-07
9.4315 1.52469e-07
9.4325 7.62346e-08
9.4375 7.62346e-08
9.4395 7.62346e-08
9.4435 7.62346e-08
9.4505 7.62346e-08
9.4515 1.52469e-07
9.4555 7.62346e-08
9.4565 7.62346e-08
9.4635 7.62346e-08
9.4645 7.62346e-08
9.4685 7.62346e-08
9.4695 7.62346e-08
9.4785 7.62346e-08
9.4815 7.62346e-08
9.4825 7.62346e-08
9.4855 7.62346e-08
9.4905 7.62346e-08
9.4915 7.62346e-08
9.4925 7.62346e-08
9.4935 7.62346e-08
9.4965 7.62346e-08
9.4995 7.62346e-08
9.5005 7.62346e-08
9.5035 7.62346e-08
9.5045 7.62346e-08
9.5095 7.62346e-08
9.5185 7.62346e-08
9.5225 7.62346e-08
9.5265 1.52469e-07
9.5295 7.62346e-08
9.5305 1.52469e-07
9.5335 7.62346e-08
9.5375 7.62346e-08
9.5385 7.62346e-08
9.5395 7.62346e-08
9.5405 7.62346e-08
9.5445 7.62346e-08
9.5485 1.52469e-07
9.5525 7.62346e-08
9.5555 7.62346e-08
9.5565 7.62346e-08
9.5585 7.62346e-08
9.5615 7.62346e-08
9.5635 1.52469e-07
9.5655 1.52469e-07
9.5685 7.62346e-08
9.5695 7.62346e-08
9.5785 7.62346e-08
9.5805 7.62346e-08
9.5815 7.62346e-08
9.5865 7.62346e-08
9.5915 7.62346e-08
9.5935 7.62346e-08
9.5995 7.62346e-08
9.6075 1.52469e-07
9.6085 7.62346e-08
9.6095 7.62346e-08
9.6125 7.62346e-08
9.6135 7.62346e-08
9.6145 7.62346e-08
9.6185 1.52469e-07
9.6215 1.52469e-07
9.6235 7.62346e-08
9.6275 7.62346e-08
9.6295 7.62346e-08
9.6325 7.62346e-08
9.6355 7.62346e-08
9.6415 1.52469e-07
9.6475 7.62346e-08
9.6505 7.62346e-08
9.6545 7.62346e-08
9.6565 1.52469e-07
9.6575 7.62346e-08
9.6615 7.62346e-08
9.6625 7.62346e-08
9.6725 7.62346e-08
9.6785 7.62346e-08
9.6805 7.62346e-08
9.6815 7.62346e-08
9.6845 7.62346e-08
9.6885 1.52469e-07
9.6895 1.52469e-07
9.6935 7.62346e-08
9.7005 7.62346e-08
9.7075 7.62346e-08
9.7145 2.28704e-07
9.7185 7.62346e-08
9.7195 7.62346e-08
9.7225 7.62346e-08
9.7265 7.62346e-08
9.7385 7.62346e-08
9.7415 2.28704e-07
9.7535 7.62346e-08
9.7565 7.62346e-08
9.7575 7.62346e-08
9.7645 7.62346e-08
9.7675 7.62346e-08
9.7685 1.52469e-07
9.7735 7.62346e-08
9.7755 7.62346e-08
9.7765 7.62346e-08
9.7805 7.62346e-08
9.7855 7.62346e-08
9.7925 7.62346e-08
9.7935 7.62346e-08
9.7945 1.52469e-07
9.8145 7.62346e-08
9.8155 7.62346e-08
9.8175 7.62346e-08
9.8185 7.62346e-08
9.8205 7.62346e-08
9.8215 7.62346e-08
9.8235 7.62346e-08
9.8255 7.62346e-08
9.8315 7.62346e-08
9.8375 7.62346e-08
9.8385 7.62346e-08
9.8405 7.62346e-08
9.8415 1.52469e-07
9.8425 7.62346e-08
9.8445 7.62346e-08
9.8555 7.62346e-08
9.8665 1.52469e-07
9.8695 7.62346e-08
9.8705 7.62346e-08
9.8735 7.62346e-08
9.8825 7.62346e-08
9.8845 7.62346e-08
9.8885 7.62346e-08
9.8915 7.62346e-08
9.8965 7.62346e-08
9.8985 7.62346e-08
9.9005 7.62346e-08
9.9015 7.62346e-08
9.9035 7.62346e-08
9.9045 7.62346e-08
9.9225 7.62346e-08
9.9265 7.62346e-08
9.9315 7.62346e-08
9.9395 7.62346e-08
9.9425 7.62346e-08
9.9535 7.62346e-08
9.9565 7.62346e-08
9.9635 7.62346e-08
9.9655 7.62346e-08
9.9675 7.62346e-08
9.9685 7.62346e-08
9.9725 7.62346e-08
9.9735 1.52469e-07
9.9815 7.62346e-08
9.9825 7.62346e-08
9.9845 7.62346e-08
9.9905 7.62346e-08
9.9915 7.62346e-08
9.9955 7.62346e-08
10.0005 7.62346e-08
10.0025 1.52469e-07
10.0035 7.62346e-08
10.0075 7.62346e-08
10.0095 7.62346e-08
10.0105 1.52469e-07
10.0115 7.62346e-08
10.0145 7.62346e-08
10.0175 7.62346e-08
10.0185 7.62346e-08
10.0225 7.62346e-08
10.0235 7.62346e-08
10.0275 7.62346e-08
10.0285 7.62346e-08
10.0335 1.52469e-07
10.0435 7.62346e-08
10.0445 7.62346e-08
10.0465 7.62346e-08
10.0475 7.62346e-08
10.0485 7.62346e-08
10.0515 1.52469e-07
10.0585 7.62346e-08
10.0645 7.62346e-08
10.0725 7.62346e-08
10.0765 7.62346e-08
10.0795 7.62346e-08
10.0875 7.62346e-08
10.0975 7.62346e-08
10.0995 7.62346e-08
10.1125 7.62346e-08
10.1135 7.62346e-08
10.1195 7.62346e-08
10.1245 7.62346e-08
10.1265 7.62346e-08
10.1335 7.62346e-08
10.1475 7.62346e-08
10.1485 7.62346e-08
10.1505 7.62346e-08
10.1545 7.62346e-08
10.1585 7.62346e-08
10.1645 7.62346e-08
10.1675 7.62346e-08
10.1695 7.62346e-08
10.1765 7.62346e-08
10.1865 7.62346e-08
10.1915 7.62346e-08
10.1925 7.62346e-08
10.1965 7.62346e-08
10.2005 7.62346e-08
10.2165 7.62346e-08
10.2235 7.62346e-08
10.2245 1.52469e-07
10.2265 7.62346e-08
10.2325 7.62346e-08
10.2445 7.62346e-08
10.2455 7.62346e-08
10.2475 7.62346e-08
10.2485 7.62346e-08
10.2515 7.62346e-08
10.2575 7.62346e-08
10.2605 7.62346e-08
10.2615 7.62346e-08
10.2635 7.62346e-08
10.2675 7.62346e-08
10.2715 7.62346e-08
10.2765 7.62346e-08
10.2785 7.62346e-08
10.2815 7.62346e-08
10.2875 7.62346e-08
10.2925 7.62346e-08
10.2945 7.62346e-08
10.2985 7.62346e-08
10.2995 7.62346e-08
10.3025 7.62346e-08
10.3115 7.62346e-08
10.3155 1.52469e-07
10.3175 7.62346e-08
10.3185 7.62346e-08
10.3245 7.62346e-08
10.3375 7.62346e-08
10.3405 1.52469e-07
10.3445 7.62346e-08
10.3455 1.52469e-07
10.3475 7.62346e-08
10.3485 7.62346e-08
10.3515 7.62346e-08
10.3535 7.62346e-08
10.3575 7.62346e-08
10.3595 7.62346e-08
10.3605 7.62346e-08
10.3635 7.62346e-08
10.3645 7.62346e-08
10.3655 7.62346e-08
10.3805 7.62346e-08
10.3865 7.62346e-08
10.3885 1.52469e-07
10.3895 7.62346e-08
10.3915 7.62346e-08
10.3985 7.62346e-08
10.4015 1.52469e-07
10.4025 7.62346e-08
10.4035 7.62346e-08
10.4095 7.62346e-08
10.4125 7.62346e-08
10.4145 7.62346e-08
10.4215 7.62346e-08
10.4295 7.62346e-08
10.4315 7.62346e-08
10.4325 7.62346e-08
10.4345 7.62346e-08
10.4395 7.62346e-08
10.4435 7.62346e-08
10.4475 7.62346e-08
10.4485 1.52469e-07
10.4495 7.62346e-08
10.4525 7.62346e-08
10.4535 7.62346e-08
10.4565 7.62346e-08
10.4695 7.62346e-08
10.4765 7.62346e-08
10.4805 7.62346e-08
10.4945 1.52469e-07
10.5005 7.62346e-08
10.5105 7.62346e-08
10.5115 1.52469e-07
10.5155 7.62346e-08
10.5165 7.62346e-08
10.5305 7.62346e-08
10.5325 1.52469e-07
10.5445 7.62346e-08
10.5565 7.62346e-08
10.5605 7.62346e-08
10.5645 7.62346e-08
10.5685 1.52469e-07
10.5725 7.62346e-08
10.5755 7.62346e-08
10.5805 7.62346e-08
10.5815 7.62346e-08
10.5975 7.62346e-08
10.5985 7.62346e-08
10.5995 7.62346e-08
10.6005 7.62346e-08
10.6025 7.62346e-08
10.6055 7.62346e-08
10.6115 7.62346e-08
10.6145 7.62346e-08
10.6155 7.62346e-08
10.6185 7.62346e-08
10.6235 7.62346e-08
10.6265 7.62346e-08
10.6285 7.62346e-08
10.6375 1.52469e-07
10.6385 7.62346e-08
10.6445 7.62346e-08
10.6495 7.62346e-08
10.6555 7.62346e-08
10.6675 7.62346e-08
10.6695 7.62346e-08
10.6795 7.62346e-08
10.6855 7.62346e-08
10.6885 7.62346e-08
10.6925 7.62346e-08
10.6955 7.62346e-08
10.7045 7.62346e-08
10.7075 7.62346e-08
10.7085 7.62346e-08
10.7145 7.62346e-08
10.7205 7.62346e-08
10.7245 7.62346e-08
10.7275 1.52469e-07
10.7285 7.62346e-08
10.7335 7.62346e-08
10.7355 7.62346e-08
10.7395 7.62346e-08
10.7445 7.62346e-08
10.7505 7.62346e-08
10.7555 7.62346e-08
10.7785 7.62346e-08
10.7855 7.62346e-08
10.7945 7.62346e-08
10.8005 7.62346e-08
10.8025 7.62346e-08
10.8065 7.62346e-08
10.8075 7.62346e-08
10.8215 7.62346e-08
10.8245 7.62346e-08
10.8255 7.62346e-08
10.8275 7.62346e-08
10.8325 7.62346e-08
10.8335 7.62346e-08
10.8395 7.62346e-08
10.8535 7.62346e-08
10.8645 7.62346e-08
10.8735 7.62346e-08
10.8795 7.62346e-08
10.8825 1.52469e-07
10.8835 7.62346e-08
10.8845 7.62346e-08
10.8855 1.52469e-07
10.8935 7.62346e-08
10.8965 7.62346e-08
10.9075 7.62346e-08
10.9095 1.52469e-07
10.9225 7.62346e-08
10.9255 7.62346e-08
10.9335 7.62346e-08
10.9525 7.62346e-08
10.9575 7.62346e-08
10.9615 1.52469e-07
10.9625 7.62346e-08
10.9635 7.62346e-08
10.9775 7.62346e-08
10.9835 1.52469e-07
10.9895 7.62346e-08
10.9905 7.62346e-08
10.9935 7.62346e-08
11.0015 1.52469e-07
11.0195 7.62346e-08
11.0215 7.62346e-08
11.0275 7.62346e-08
11.0395 7.62346e-08
11.0415 7.62346e-08
11.0455 7.62346e-08
11.0465 7.62346e-08
11.0545 7.62346e-08
11.0575 7.62346e-08
11.0585 7.62346e-08
11.0605 7.62346e-08
11.0615 7.62346e-08
11.0675 1.52469e-07
11.0705 7.62346e-08
11.0735 7.62346e-08
11.0765 7.62346e-08
11.0855 1.52469e-07
11.0935 7.62346e-08
11.0975 1.52469e-07
11.1045 7.62346e-08
11.1105 1.52469e-07
11.1115 7.62346e-08
11.1175 7.62346e-08
11.1195 7.62346e-08
11.1235 7.62346e-08
11.1245 7.62346e-08
11.1345 7.62346e-08
11.1375 7.62346e-08
11.1395 7.62346e-08
11.1465 7.62346e-08
11.1475 7.62346e-08
11.1485 7.62346e-08
11.1635 1.52469e-07
11.1705 7.62346e-08
11.1725 7.62346e-08
11.1745 7.62346e-08
11.1935 7.62346e-08
11.2015 7.62346e-08
11.2055 7.62346e-08
11.2085 7.62346e-08
11.2155 7.62346e-08
11.2165 7.62346e-08
11.2185 7.62346e-08
11.2225 7.62346e-08
11.2235 7.62346e-08
11.2255 1.52469e-07
11.2265 7.62346e-08
11.2325 7.62346e-08
11.2335 7.62346e-08
11.2365 7.62346e-08
11.2445 7.62346e-08
11.2495 7.62346e-08
11.2515 7.62346e-08
11.2545 7.62346e-08
11.2595 7.62346e-08
11.2625 7.62346e-08
11.2695 7.62346e-08
11.2725 7.62346e-08
11.2775 7.62346e-08
11.2855 7.62346e-08
11.2885 7.62346e-08
11.2945 7.62346e-08
11.3015 7.62346e-08
11.3055 7.62346e-08
11.3105 1.52469e-07
11.3205 7.62346e-08
11.3335 7.62346e-08
11.3355 7.62346e-08
11.3485 7.62346e-08
11.3585 1.52469e-07
11.3665 7.62346e-08
11.3705 7.62346e-08
11.3745 7.62346e-08
11.3765 7.62346e-08
11.3775 7.62346e-08
11.3805 7.62346e-08
11.3815 7.62346e-08
11.3825 7.62346e-08
11.3875 7.62346e-08
11.3885 7.62346e-08
11.3955 7.62346e-08
11.3965 7.62346e-08
11.3985 7.62346e-08
11.4055 7.62346e-08
11.4075 7.62346e-08
11.4105 7.62346e-08
11.4165 7.62346e-08
11.4225 7.62346e-08
11.4235 7.62346e-08
11.4295 7.62346e-08
11.4435 7.62346e-08
11.4455 7.62346e-08
11.4465 1.52469e-07
11.4555 7.62346e-08
11.4615 7.62346e-08
11.4645 7.62346e-08
11.4655 7.62346e-08
11.4755 7.62346e-08
11.4845 7.62346e-08
11.4885 7.62346e-08
11.4905 7.62346e-08
11.4925 1.52469e-07
11.4985 1.52469e-07
11.4995 7.62346e-08
11.5025 7.62346e-08
11.5105 7.62346e-08
11.5145 7.62346e-08
11.5155 7.62346e-08
11.5225 7.62346e-08
11.5265 7.62346e-08
11.5345 7.62346e-08
11.5405 7.62346e-08
11.5455 7.62346e-08
11.5495 7.62346e-08
11.5585 7.62346e-08
11.5595 7.62346e-08
11.5635 7.62346e-08
11.5725 7.62346e-08
11.5735 7.62346e-08
11.5745 7.62346e-08
11.5765 7.62346e-08
11.5795 7.62346e-08
11.5875 7.62346e-08
11.5895 7.62346e-08
11.5905 7.62346e-08
11.6025 7.62346e-08
11.6095 7.62346e-08
11.6105 7.62346e-08
11.6115 7.62346e-08
11.6205 7.62346e-08
11.6245 7.62346e-08
11.6315 7.62346e-08
11.6335 7.62346e-08
11.6345 7.62346e-08
11.6365 7.62346e-08
11.6435 7.62346e-08
11.6465 7.62346e-08
11.6475 7.62346e-08
11.6485 7.62346e-08
11.6585 7.62346e-08
11.6685 7.62346e-08
11.6835 7.62346e-08
11.6855 7.62346e-08
11.6935 7.62346e-08
11.6945 7.62346e-08
11.6995 7.62346e-08
11.7065 7.62346e-08
11.7115 7.62346e-08
11.7145 7.62346e-08
11.7155 7.62346e-08
11.7195 7.62346e-08
11.7215 1.52469e-07
11.7315 7.62346e-08
11.7335 7.62346e-08
11.7365 7.62346e-08
11.7375 7.62346e-08
11.7395 7.62346e-08
11.7425 7.62346e-08
11.7475 7.62346e-08
11.7485 7.62346e-08
11.7495 7.62346e-08
11.7535 1.52469e-07
11.7565 7.62346e-08
11.7625 7.62346e-08
11.7715 7.62346e-08
11.7765 7.62346e-08
11.7795 7.62346e-08
11.7875 7.62346e-08
11.7885 7.62346e-08
11.7965 7.62346e-08
11.8015 7.62346e-08
11.8025 7.62346e-08
11.8105 7.62346e-08
11.8145 7.62346e-08
11.8235 7.62346e-08
11.8245 7.62346e-08
11.8275 7.62346e-08
11.8305 7.62346e-08
11.8385 7.62346e-08
11.8435 7.62346e-08
11.8515 7.62346e-08
11.8565 7.62346e-08
11.8575 7.62346e-08
11.8595 7.62346e-08
11.8615 7.62346e-08
11.8665 7.62346e-08
11.8705 1.52469e-07
11.8745 7.62346e-08
11.8755 7.62346e-08
11.8775 7.62346e-08
11.8785 7.62346e-08
11.8795 7.62346e-08
11.8815 7.62346e-08
11.8915 7.62346e-08
11.8935 7.62346e-08
11.8965 7.62346e-08
11.9015 7.62346e-08
11.9025 7.62346e-08
11.9085 7.62346e-08
11.9095 7.62346e-08
11.9105 7.62346e-08
11.9225 7.62346e-08
11.9245 7.62346e-08
11.9255 7.62346e-08
11.9295 7.62346e-08
11.9325 7.62346e-08
11.9365 7.62346e-08
11.9415 7.62346e-08
11.9425 7.62346e-08
11.9465 7.62346e-08
11.9545 7.62346e-08
11.9555 7.62346e-08
11.9605 1.52469e-07
11.9625 7.62346e-08
11.9715 7.62346e-08
11.9835 7.62346e-08
11.9845 1.52469e-07
11.9855 1.52469e-07
11.9895 7.62346e-08
11.9915 7.62346e-08
12.0035 7.62346e-08
12.0135 7.62346e-08
12.0225 7.62346e-08
12.0255 1.52469e-07
12.0285 7.62346e-08
12.0405 7.62346e-08
12.0485 7.62346e-08
12.0645 7.62346e-08
12.0665 7.62346e-08
12.0735 7.62346e-08
12.0765 7.62346e-08
12.0815 7.62346e-08
12.0885 1.52469e-07
12.0955 2.28704e-07
12.0965 7.62346e-08
12.1045 7.62346e-08
12.1105 7.62346e-08
12.1205 7.62346e-08
12.1235 7.62346e-08
12.1295 7.62346e-08
12.1325 7.62346e-08
12.1355 7.62346e-08
12.1375 7.62346e-08
12.1455 7.62346e-08
12.1475 7.62346e-08
12.1485 7.62346e-08
12.1505 7.62346e-08
12.1605 7.62346e-08
12.1625 7.62346e-08
12.1635 7.62346e-08
12.1675 7.62346e-08
12.1705 7.62346e-08
12.1815 7.62346e-08
12.1835 7.62346e-08
12.1855 7.62346e-08
12.1955 7.62346e-08
12.1965 7.62346e-08
12.1995 7.62346e-08
12.2055 7.62346e-08
12.2105 7.62346e-08
12.2125 7.62346e-08
12.2135 7.62346e-08
12.2145 7.62346e-08
12.2155 7.62346e-08
12.2265 7.62346e-08
12.2295 7.62346e-08
12.2355 7.62346e-08
12.2365 1.52469e-07
12.2385 7.62346e-08
12.2445 7.62346e-08
12.2475 1.52469e-07
12.2485 7.62346e-08
12.2545 7.62346e-08
12.2595 7.62346e-08
12.2675 1.52469e-07
12.2705 7.62346e-08
12.2715 7.62346e-08
12.2765 7.62346e-08
12.2785 7.62346e-08
12.2795 7.62346e-08
12.2855 7.62346e-08
12.2865 7.62346e-08
12.2905 7.62346e-08
12.3025 7.62346e-08
12.3035 7.62346e-08
12.3105 1.52469e-07
12.3165 7.62346e-08
12.3205 7.62346e-08
12.3275 7.62346e-08
12.3345 7.62346e-08
12.3395 7.62346e-08
12.3425 7.62346e-08
12.3465 7.62346e-08
12.3765 7.62346e-08
12.3855 7.62346e-08
12.3895 7.62346e-08
12.3905 7.62346e-08
12.3975 7.62346e-08
12.3995 7.62346e-08
12.4045 7.62346e-08
12.4065 7.62346e-08
12.4075 7.62346e-08
12.4085 7.62346e-08
12.4115 7.62346e-08
12.4145 1.52469e-07
12.4155 7.62346e-08
12.4175 7.62346e-08
12.4185 1.52469e-07
12.4215 1.52469e-07
12.4285 7.62346e-08
12.4295 7.62346e-08
12.4305 2.28704e-07
12.4315 7.62346e-08
12.4345 7.62346e-08
12.4365 7.62346e-08
12.4405 7.62346e-08
12.4415 2.28704e-07
12.4425 7.62346e-08
12.4465 7.62346e-08
12.4485 7.62346e-08
12.4515 7.62346e-08
12.4525 7.62346e-08
12.4545 7.62346e-08
12.4575 1.52469e-07
12.4585 7.62346e-08
12.4675 1.52469e-07
12.4685 7.62346e-08
12.4695 7.62346e-08
12.4705 7.62346e-08
12.4725 7.62346e-08
12.4755 7.62346e-08
12.4775 7.62346e-08
12.4795 1.52469e-07
12.4835 7.62346e-08
12.4855 7.62346e-08
12.4885 7.62346e-08
12.4895 7.62346e-08
12.4925 7.62346e-08
12.4955 7.62346e-08
12.5045 7.62346e-08
12.5065 7.62346e-08
12.5075 1.52469e-07
12.5105 7.62346e-08
12.5145 1.52469e-07
12.5155 7.62346e-08
12.5195 7.62346e-08
12.5205 7.62346e-08
12.5215 1.52469e-07
12.5225 7.62346e-08
12.5235 1.52469e-07
12.5245 1.52469e-07
12.5255 7.62346e-08
12.5295 1.52469e-07
12.5305 7.62346e-08
12.5345 1.52469e-07
12.5365 7.62346e-08
12.5405 1.52469e-07
12.5415 7.62346e-08
12.5465 7.62346e-08
12.5485 7.62346e-08
12.5495 7.62346e-08
12.5545 7.62346e-08
12.5565 7.62346e-08
12.5575 7.62346e-08
12.5605 7.62346e-08
12.5665 7.62346e-08
12.5725 1.52469e-07
12.5735 7.62346e-08
12.5745 7.62346e-08
12.5845 7.62346e-08
12.5885 1.52469e-07
12.5905 7.62346e-08
12.6055 2.28704e-07
12.6125 7.62346e-08
12.6195 7.62346e-08
12.6235 7.62346e-08
12.6255 7.62346e-08
12.6355 7.62346e-08
12.6435 7.62346e-08
12.6485 7.62346e-08
12.6505 7.62346e-08
12.6565 7.62346e-08
12.6575 7.62346e-08
12.6645 1.52469e-07
12.6685 7.62346e-08
12.6695 7.62346e-08
12.6715 7.62346e-08
12.6735 3.04938e-07
12.6795 7.62346e-08
12.6885 7.62346e-08
12.6905 7.62346e-08
12.7045 7.62346e-08
12.7065 1.52469e-07
12.7175 7.62346e-08
12.7195 7.62346e-08
12.7205 7.62346e-08
12.7345 7.62346e-08
12.7375 2.28704e-07
12.7385 7.62346e-08
12.7405 7.62346e-08
12.7435 7.62346e-08
12.7445 7.62346e-08
12.7475 7.62346e-08
12.7495 7.62346e-08
12.7595 7.62346e-08
12.7645 7.62346e-08
12.7675 7.62346e-08
12.7735 7.62346e-08
12.7825 7.62346e-08
12.7925 7.62346e-08
12.7955 7.62346e-08
12.7975 7.62346e-08
12.8035 7.62346e-08
12.8115 7.62346e-08
12.8205 7.62346e-08
12.8255 7.62346e-08
12.8375 7.62346e-08
12.8385 7.62346e-08
12.8425 7.62346e-08
12.8445 7.62346e-08
12.8485 1.52469e-07
12.8505 7.62346e-08
12.8575 7.62346e-08
12.8625 7.62346e-08
12.8645 7.62346e-08
12.8685 7.62346e-08
12.8695 7.62346e-08
12.8795 7.62346e-08
12.8805 1.52469e-07
12.8845 7.62346e-08
12.8905 7.62346e-08
12.8965 7.62346e-08
12.8985 7.62346e-08
12.9075 7.62346e-08
12.9125 7.62346e-08
12.9195 7.62346e-08
12.9225 7.62346e-08
12.9425 1.52469e-07
12.9435 7.62346e-08
12.9485 1.52469e-07
12.9495 7.62346e-08
12.9505 7.62346e-08
12.9535 7.62346e-08
12.9545 7.62346e-08
12.9555 1.52469e-07
12.9635 7.62346e-08
12.9655 7.62346e-08
12.9665 7.62346e-08
12.9685 7.62346e-08
12.9695 7.62346e-08
12.9785 7.62346e-08
12.9845 1.52469e-07
12.9895 7.62346e-08
12.9925 7.62346e-08
12.9945 7.62346e-08
12.9955 7.62346e-08
12.9965 7.62346e-08
12.9975 7.62346e-08
12.9995 1.52469e-07
13.0005 3.04938e-07
13.0015 1.52469e-07
13.0025 1.52469e-07
13.0035 7.62346e-08
13.0045 1.52469e-07
13.0055 2.28704e-07
13.0065 3.04938e-07
13.0085 1.52469e-07
13.0095 3.81173e-07
13.0135 7.62346e-08
13.0175 7.62346e-08
13.0185 7.62346e-08
13.0275 7.62346e-08
13.0285 1.52469e-07
13.0295 7.62346e-08
13.0325 7.62346e-08
13.0395 7.62346e-08
13.0425 1.52469e-07
13.0455 7.62346e-08
13.0475 7.62346e-08
13.0485 7.62346e-08
13.0525 1.52469e-07
13.0535 7.62346e-08
13.0545 7.62346e-08
13.0555 7.62346e-08
13.0595 7.62346e-08
13.0665 7.62346e-08
13.0785 7.62346e-08
13.0895 7.62346e-08
13.0965 7.62346e-08
13.0985 7.62346e-08
13.1085 7.62346e-08
13.1095 7.62346e-08
13.1105 7.62346e-08
13.1295 7.62346e-08
13.1305 7.62346e-08
13.1345 7.62346e-08
13.1425 7.62346e-08
13.1515 7.62346e-08
13.1585 1.52469e-07
13.1645 1.52469e-07
13.1665 7.62346e-08
13.1675 7.62346e-08
13.1705 7.62346e-08
13.1815 7.62346e-08
13.1845 7.62346e-08
13.1985 7.62346e-08
13.1995 7.62346e-08
13.2185 7.62346e-08
13.2215 7.62346e-08
13.2305 7.62346e-08
13.2365 7.62346e-08
13.2485 7.62346e-08
13.2495 1.52469e-07
13.2555 7.62346e-08
13.2845 7.62346e-08
13.2865 7.62346e-08
13.2895 7.62346e-08
13.2915 7.62346e-08
13.3015 7.62346e-08
13.3025 7.62346e-08
13.3035 7.62346e-08
13.3045 2.28704e-07
13.3055 7.62346e-08
13.3065 2.28704e-07
13.3075 7.62346e-08
13.3085 7.62346e-08
13.3095 1.52469e-07
13.3245 7.62346e-08
13.3325 7.62346e-08
13.3425 7.62346e-08
13.3455 7.62346e-08
13.3615 7.62346e-08
13.3625 7.62346e-08
13.3655 7.62346e-08
13.3735 7.62346e-08
13.3855 7.62346e-08
13.3945 7.62346e-08
13.4035 7.62346e-08
13.4115 7.62346e-08
13.4125 7.62346e-08
13.4155 7.62346e-08
13.4335 7.62346e-08
13.4465 7.62346e-08
13.4645 7.62346e-08
13.4805 7.62346e-08
13.4985 7.62346e-08
13.5035 1.52469e-07
13.5135 7.62346e-08
13.5285 7.62346e-08
13.5365 7.62346e-08
13.5485 7.62346e-08
13.5535 1.52469e-07
13.5665 7.62346e-08
13.5675 7.62346e-08
13.5685 1.52469e-07
13.5695 7.62346e-08
13.5855 7.62346e-08
13.5905 7.62346e-08
13.5945 7.62346e-08
13.6005 7.62346e-08
13.6155 7.62346e-08
13.6195 7.62346e-08
13.6255 7.62346e-08
13.6295 7.62346e-08
13.6315 7.62346e-08
13.6365 7.62346e-08
13.6465 7.62346e-08
13.6475 1.52469e-07
13.6575 7.62346e-08
13.6635 7.62346e-08
13.6685 7.62346e-08
13.6695 7.62346e-08
13.6925 7.62346e-08
13.6945 7.62346e-08
13.7015 7.62346e-08
13.7025 7.62346e-08
13.7175 7.62346e-08
13.7235 7.62346e-08
13.7365 1.52469e-07
13.7385 7.62346e-08
13.7455 7.62346e-08
13.7465 7.62346e-08
13.7525 7.62346e-08
13.7595 7.62346e-08
13.7665 7.62346e-08
13.7715 7.62346e-08
13.7775 7.62346e-08
13.7795 7.62346e-08
13.7815 7.62346e-08
13.7825 7.62346e-08
13.7835 7.62346e-08
13.7855 7.62346e-08
13.7905 7.62346e-08
13.8005 7.62346e-08
13.8045 7.62346e-08
13.8165 7.62346e-08
13.8225 7.62346e-08
13.8295 7.62346e-08
13.8355 1.52469e-07
13.8365 7.62346e-08
13.8475 1.52469e-07
13.8505 7.62346e-08
13.8575 7.62346e-08
13.8595 7.62346e-08
13.8655 7.62346e-08
13.8805 7.62346e-08
13.8845 7.62346e-08
13.8875 7.62346e-08
13.9005 7.62346e-08
13.9125 7.62346e-08
13.9165 1.52469e-07
13.9215 7.62346e-08
13.9455 7.62346e-08
13.9595 7.62346e-08
13.9605 1.52469e-07
13.9765 7.62346e-08
13.9795 1.52469e-07
13.9995 7.62346e-08
14.0235 7.62346e-08
14.0315 7.62346e-08
14.0345 7.62346e-08
14.0455 1.52469e-07
14.0495 7.62346e-08
14.0515 7.62346e-08
14.0525 7.62346e-08
14.0535 7.62346e-08
14.0555 7.62346e-08
14.0565 7.62346e-08
14.0595 7.62346e-08
14.0605 7.62346e-08
14.0615 7.62346e-08
14.0625 7.62346e-08
14.0655 7.62346e-08
14.0665 7.62346e-08
14.0675 7.62346e-08
14.0685 1.52469e-07
14.0695 1.52469e-07
14.0705 1.52469e-07
14.0725 2.28704e-07
14.0735 2.28704e-07
14.0745 3.04938e-07
14.0755 7.62346e-08
14.0765 3.81173e-07
14.0775 5.33642e-07
14.0795 7.62346e-08
14.0825 7.62346e-08
14.1065 7.62346e-08
14.1075 7.62346e-08
14.1085 7.62346e-08
14.1135 7.62346e-08
14.1155 7.62346e-08
14.1295 7.62346e-08
14.1395 7.62346e-08
14.1405 1.52469e-07
14.1455 7.62346e-08
14.1545 7.62346e-08
14.1575 1.52469e-07
14.1665 7.62346e-08
14.1695 7.62346e-08
14.1835 7.62346e-08
14.1855 7.62346e-08
14.1935 7.62346e-08
14.1965 7.62346e-08
14.2145 7.62346e-08
14.2185 7.62346e-08
14.2275 7.62346e-08
14.2365 1.52469e-07
14.2395 7.62346e-08
14.2695 7.62346e-08
14.2935 7.62346e-08
14.2955 7.62346e-08
14.3015 7.62346e-08
14.3145 1.52469e-07
14.3295 7.62346e-08
14.3325 2.28704e-07
14.3445 7.62346e-08
14.3535 7.62346e-08
14.3595 7.62346e-08
14.3635 7.62346e-08
14.3745 7.62346e-08
14.3815 7.62346e-08
14.4035 1.52469e-07
14.4205 7.62346e-08
14.4545 7.62346e-08
14.4705 7.62346e-08
14.4735 7.62346e-08
14.4785 7.62346e-08
14.4825 7.62346e-08
14.4905 7.62346e-08
14.4955 7.62346e-08
14.5085 7.62346e-08
14.5125 7.62346e-08
14.5175 7.62346e-08
14.5265 7.62346e-08
14.5385 1.52469e-07
14.5465 7.62346e-08
14.5475 7.62346e-08
14.5485 7.62346e-08
14.5655 7.62346e-08
14.5775 7.62346e-08
14.5825 7.62346e-08
14.5855 7.62346e-08
14.5895 7.62346e-08
14.5935 7.62346e-08
14.5995 1.52469e-07
14.6015 7.62346e-08
14.6035 7.62346e-08
14.6075 7.62346e-08
14.6105 2.28704e-07
14.6115 7.62346e-08
14.6155 7.62346e-08
14.6225 7.62346e-08
14.6265 1.52469e-07
14.6335 7.62346e-08
14.6405 7.62346e-08
14.6565 7.62346e-08
14.6605 7.62346e-08
14.6635 7.62346e-08
14.6685 7.62346e-08
14.6725 7.62346e-08
14.6755 7.62346e-08
14.6815 7.62346e-08
14.6855 7.62346e-08
14.6955 7.62346e-08
14.6975 7.62346e-08
14.7015 7.62346e-08
14.7045 7.62346e-08
14.7065 1.52469e-07
14.7145 7.62346e-08
14.7195 7.62346e-08
14.7295 7.62346e-08
14.7315 7.62346e-08
14.7335 7.62346e-08
14.7385 1.52469e-07
14.7465 7.62346e-08
14.7475 7.62346e-08
14.7495 7.62346e-08
14.7505 7.62346e-08
14.7525 7.62346e-08
14.7545 7.62346e-08
14.7555 7.62346e-08
14.7595 7.62346e-08
14.7685 7.62346e-08
14.7695 7.62346e-08
14.7715 7.62346e-08
14.7765 7.62346e-08
14.7785 1.52469e-07
14.7795 7.62346e-08
14.7865 7.62346e-08
14.7895 7.62346e-08
14.7905 7.62346e-08
14.7925 7.62346e-08
14.7945 7.62346e-08
14.7955 1.52469e-07
14.8015 7.62346e-08
14.8025 7.62346e-08
14.8035 7.62346e-08
14.8065 7.62346e-08
14.8085 7.62346e-08
14.8235 7.62346e-08
14.8245 7.62346e-08
14.8335 7.62346e-08
14.8405 7.62346e-08
14.8775 7.62346e-08
14.8915 7.62346e-08
14.9055 7.62346e-08
14.9205 7.62346e-08
14.9215 7.62346e-08
14.9435 7.62346e-08
14.9485 7.62346e-08
14.9695 7.62346e-08
14.9785 7.62346e-08
14.9805 7.62346e-08
14.9865 7.62346e-08
15.0415 7.62346e-08
15.0445 7.62346e-08
15.0725 7.62346e-08
15.0835 7.62346e-08
15.0935 7.62346e-08
15.0945 7.62346e-08
15.0955 7.62346e-08
15.0965 1.52469e-07
15.0975 2.28704e-07
15.0985 1.21975e-06
15.0995 3.73549e-06
15.1005 0.175407
15.1045 7.62346e-08
15.1075 7.62346e-08
15.1255 7.62346e-08
15.1355 7.62346e-08
15.1495 7.62346e-08
15.1535 7.62346e-08
15.1735 7.62346e-08
15.1935 7.62346e-08
15.2065 7.62346e-08
15.2075 7.62346e-08
15.2155 7.62346e-08
15.2325 7.62346e-08
15.2335 7.62346e-08
15.2565 7.62346e-08
15.2695 7.62346e-08
15.2785 7.62346e-08
15.2865 7.62346e-08
15.2915 7.62346e-08
15.2985 7.62346e-08
15.2995 7.62346e-08
15.3055 7.62346e-08
15.3065 7.62346e-08
15.3135 7.62346e-08
15.3285 7.62346e-08
15.3305 7.62346e-08
15.3465 7.62346e-08
15.3705 7.62346e-08
15.3725 7.62346e-08
15.3795 7.62346e-08
15.3805 7.62346e-08
15.3955 7.62346e-08
15.4035 7.62346e-08
15.4055 7.62346e-08
15.4205 7.62346e-08
15.4235 7.62346e-08
15.4265 7.62346e-08
15.4535 7.62346e-08
15.4555 7.62346e-08
15.4855 7.62346e-08
15.4995 7.62346e-08
