0.0125 2.88617e-06
0.0225 2.88617e-06
0.0625 5.77234e-06
0.0725 2.88617e-06
0.0825 2.88617e-06
0.0875 2.88617e-06
0.0975 5.77234e-06
0.1025 8.65851e-06
0.1075 8.65851e-06
0.1175 2.88617e-06
0.1225 2.88617e-06
0.1275 5.77234e-06
0.1325 8.65851e-06
0.1375 2.88617e-06
0.1425 1.44308e-05
0.1475 8.65851e-06
0.1525 2.88617e-06
0.1575 1.15447e-05
0.1625 5.77234e-06
0.1675 1.44308e-05
0.1725 1.15447e-05
0.1775 2.88617e-06
0.1825 1.15447e-05
0.1875 5.77234e-06
0.1925 8.65851e-06
0.1975 8.65851e-06
0.2025 8.65851e-06
0.2075 1.15447e-05
0.2125 8.65851e-06
0.2175 8.65851e-06
0.2225 1.15447e-05
0.2275 5.77234e-06
0.2325 2.88617e-06
0.2375 1.15447e-05
0.2425 1.15447e-05
0.2475 2.88617e-06
0.2525 1.44308e-05
0.2625 8.65851e-06
0.2675 5.77234e-06
0.2775 1.7317e-05
0.2825 1.15447e-05
0.2875 1.15447e-05
0.2925 5.77234e-06
0.2975 1.15447e-05
0.3025 5.77234e-06
0.3075 8.65851e-06
0.3125 1.7317e-05
0.3175 5.77234e-06
0.3225 8.65851e-06
0.3275 8.65851e-06
0.3325 1.44308e-05
0.3425 2.88617e-06
0.3475 1.44308e-05
0.3525 1.15447e-05
0.3575 1.44308e-05
0.3625 5.77234e-06
0.3675 1.15447e-05
0.3725 1.15447e-05
0.3775 8.65851e-06
0.3875 8.65851e-06
0.3975 1.15447e-05
0.4025 5.77234e-06
0.4075 1.15447e-05
0.4125 1.15447e-05
0.4175 2.88617e-06
0.4225 2.88617e-06
0.4275 5.77234e-06
0.4325 8.65851e-06
0.4375 2.88617e-06
0.4425 1.7317e-05
0.4475 8.65851e-06
0.4525 2.88617e-06
0.4575 2.88617e-06
0.4625 5.77234e-06
0.4675 2.88617e-06
0.4725 1.15447e-05
0.4775 1.15447e-05
0.4825 5.77234e-06
0.4875 1.15447e-05
0.4925 8.65851e-06
0.4975 5.77234e-06
0.5025 5.77234e-06
0.5075 1.15447e-05
0.5125 8.36989e-05
0.5175 5.77234e-06
0.5225 2.59755e-05
0.5275 5.77234e-06
0.5325 8.65851e-06
0.5375 5.77234e-06
0.5425 5.77234e-06
0.5525 8.65851e-06
0.5625 2.88617e-06
0.5675 5.77234e-06
0.5825 5.77234e-06
0.5925 2.88617e-06
0.5975 1.44308e-05
0.6075 5.77234e-06
0.6125 8.65851e-06
0.6175 2.88617e-06
0.6225 5.77234e-06
0.6275 5.77234e-06
0.6325 2.88617e-06
0.6375 2.88617e-06
0.6425 5.77234e-06
0.6475 8.65851e-06
0.6525 2.88617e-06
0.6575 8.65851e-06
0.6675 8.65851e-06
0.6725 5.77234e-06
0.6775 5.77234e-06
0.6825 1.15447e-05
0.6875 2.88617e-06
0.6975 5.77234e-06
0.7025 2.88617e-06
0.7075 5.77234e-06
0.7125 5.77234e-06
0.7175 1.15447e-05
0.7225 8.65851e-06
0.7325 2.88617e-06
0.7375 1.15447e-05
0.7475 5.77234e-06
0.7525 8.65851e-06
0.7575 8.65851e-06
0.7625 1.7317e-05
0.7675 1.15447e-05
0.7725 8.65851e-06
0.7775 1.15447e-05
0.7825 5.77234e-06
0.7875 2.88617e-06
0.7925 2.88617e-06
0.7975 5.77234e-06
0.8025 2.88617e-06
0.8075 5.77234e-06
0.8125 2.88617e-06
0.8225 5.77234e-06
0.8275 5.77234e-06
0.8325 1.15447e-05
0.8375 2.88617e-06
0.8425 2.88617e-06
0.8475 5.77234e-06
0.8525 8.65851e-06
0.8625 2.88617e-06
0.8675 1.15447e-05
0.8725 2.88617e-06
0.8825 2.88617e-06
0.8875 5.77234e-06
0.8925 2.88617e-06
0.8975 5.77234e-06
0.9025 2.88617e-06
0.9075 1.44308e-05
0.9125 2.88617e-06
0.9175 5.77234e-06
0.9225 5.77234e-06
0.9275 1.15447e-05
0.9325 5.77234e-06
0.9375 8.65851e-06
0.9425 2.88617e-06
0.9475 8.65851e-06
0.9525 5.77234e-06
0.9575 8.65851e-06
0.9625 8.65851e-06
0.9675 8.65851e-06
0.9775 8.65851e-06
0.9825 5.77234e-06
0.9875 1.15447e-05
0.9925 5.77234e-06
1.0025 1.7317e-05
1.0075 8.65851e-06
1.0225 1.44308e-05
1.0275 8.65851e-06
1.0325 8.65851e-06
1.0375 5.77234e-06
1.0425 2.88617e-06
1.0475 8.65851e-06
1.0525 8.65851e-06
1.0575 5.77234e-06
1.0625 8.65851e-06
1.0675 1.7317e-05
1.0725 5.77234e-06
1.0775 5.77234e-06
1.0825 1.7317e-05
1.0875 2.88617e-06
1.0925 5.77234e-06
1.0975 8.65851e-06
1.1025 2.88617e-06
1.1075 1.7317e-05
1.1125 2.88617e-06
1.1175 8.65851e-06
1.1225 1.15447e-05
1.1275 5.77234e-06
1.1325 5.77234e-06
1.1375 8.65851e-06
1.1425 5.77234e-06
1.1475 1.15447e-05
1.1525 8.65851e-06
1.1575 8.65851e-06
1.1625 5.77234e-06
1.1675 2.88617e-06
1.1725 5.77234e-06
1.1775 5.77234e-06
1.1825 2.88617e-06
1.1875 2.88617e-06
1.1975 2.88617e-06
1.2075 8.65851e-06
1.2125 1.44308e-05
1.2175 2.88617e-06
1.2225 8.65851e-06
1.2275 2.88617e-06
1.2325 8.65851e-06
1.2375 2.88617e-06
1.2425 8.65851e-06
1.2475 5.77234e-06
1.2525 5.77234e-06
1.2675 8.65851e-06
1.2725 2.88617e-06
1.2775 5.77234e-06
1.2825 2.88617e-06
1.2975 8.65851e-06
1.3025 2.88617e-06
1.3075 5.77234e-06
1.3175 8.65851e-06
1.3225 5.77234e-06
1.3275 2.88617e-06
1.3325 5.77234e-06
1.3425 2.88617e-06
1.3475 8.65851e-06
1.3525 1.15447e-05
1.3575 5.77234e-06
1.3625 1.15447e-05
1.3675 5.77234e-06
1.3775 8.65851e-06
1.3825 5.77234e-06
1.3875 8.65851e-06
1.3925 8.65851e-06
1.3975 1.15447e-05
1.4025 5.77234e-06
1.4075 5.77234e-06
1.4275 5.77234e-06
1.4325 2.88617e-06
1.4375 5.77234e-06
1.4425 2.88617e-06
1.4475 8.65851e-06
1.4525 5.77234e-06
1.4575 5.77234e-06
1.4625 2.88617e-06
1.4675 2.88617e-06
1.4725 1.15447e-05
1.4825 5.77234e-06
1.4875 2.88617e-06
1.4925 8.65851e-06
1.4975 1.44308e-05
1.5075 8.65851e-06
1.5125 2.88617e-06
1.5175 8.65851e-06
1.5225 1.15447e-05
1.5275 2.88617e-06
1.5325 8.65851e-06
1.5375 2.88617e-06
1.5425 5.77234e-06
1.5475 5.77234e-06
1.5525 8.65851e-06
1.5575 5.77234e-06
1.5625 8.65851e-06
1.5675 1.15447e-05
1.5725 2.88617e-06
1.5775 5.77234e-06
1.5825 8.65851e-06
1.5875 8.65851e-06
1.5925 1.15447e-05
1.5975 1.15447e-05
1.6025 8.65851e-06
1.6125 5.77234e-06
1.6175 5.77234e-06
1.6225 5.77234e-06
1.6275 5.77234e-06
1.6325 8.65851e-06
1.6375 2.02032e-05
1.6425 5.77234e-06
1.6525 2.88617e-06
1.6575 5.77234e-06
1.6625 2.02032e-05
1.6675 1.15447e-05
1.6725 1.15447e-05
1.6775 1.15447e-05
1.6825 8.65851e-06
1.6875 5.77234e-06
1.6975 1.7317e-05
1.7025 2.88617e-06
1.7075 8.65851e-06
1.7125 5.77234e-06
1.7225 2.88617e-06
1.7275 2.88617e-06
1.7325 1.15447e-05
1.7375 1.15447e-05
1.7425 5.77234e-06
1.7475 1.7317e-05
1.7525 8.65851e-06
1.7575 5.77234e-06
1.7625 5.77234e-06
1.7675 5.77234e-06
1.7725 1.15447e-05
1.7775 8.65851e-06
1.7825 8.65851e-06
1.7875 1.15447e-05
1.7925 8.65851e-06
1.7975 2.88617e-06
1.8025 5.77234e-06
1.8075 2.88617e-06
1.8125 5.77234e-06
1.8175 5.77234e-06
1.8225 8.65851e-06
1.8275 8.65851e-06
1.8325 1.15447e-05
1.8375 1.15447e-05
1.8425 2.88617e-06
1.8475 2.88617e-06
1.8525 2.88617e-06
1.8625 2.02032e-05
1.8775 5.77234e-06
1.8825 2.88617e-06
1.8875 5.77234e-06
1.8925 5.77234e-06
1.8975 1.15447e-05
1.9025 8.65851e-06
1.9075 2.88617e-06
1.9125 1.44308e-05
1.9175 1.15447e-05
1.9225 8.65851e-06
1.9275 1.44308e-05
1.9325 1.7317e-05
1.9375 8.65851e-06
1.9425 8.65851e-06
1.9475 8.65851e-06
1.9525 1.44308e-05
1.9575 2.88617e-06
1.9625 2.88617e-06
1.9675 1.15447e-05
1.9725 8.65851e-06
1.9775 8.65851e-06
1.9825 1.15447e-05
1.9875 1.44308e-05
1.9975 1.7317e-05
2.0025 8.65851e-06
2.0075 1.44308e-05
2.0125 2.88617e-06
2.0175 2.59755e-05
2.0225 1.44308e-05
2.0275 2.88617e-06
2.0325 8.65851e-06
2.0375 2.88617e-06
2.0425 1.44308e-05
2.0475 2.88617e-06
2.0525 1.15447e-05
2.0575 1.7317e-05
2.0625 5.77234e-06
2.0675 8.65851e-06
2.0725 8.65851e-06
2.0825 8.65851e-06
2.0875 5.77234e-06
2.0925 1.44308e-05
2.0975 8.65851e-06
2.1025 2.30894e-05
2.1075 1.7317e-05
2.1125 1.15447e-05
2.1175 5.77234e-06
2.1225 5.77234e-06
2.1275 1.7317e-05
2.1325 3.17479e-05
2.1375 1.15447e-05
2.1425 2.88617e-06
2.1475 2.02032e-05
2.1525 8.65851e-06
2.1575 5.77234e-06
2.1625 1.15447e-05
2.1675 1.15447e-05
2.1725 8.65851e-06
2.1775 5.77234e-06
2.1825 8.65851e-06
2.1925 8.65851e-06
2.1975 1.44308e-05
2.2025 5.77234e-06
2.2075 5.77234e-06
2.2125 1.7317e-05
2.2175 5.77234e-06
2.2225 1.7317e-05
2.2275 2.30894e-05
2.2325 1.7317e-05
2.2375 8.65851e-06
2.2425 2.88617e-06
2.2475 1.44308e-05
2.2525 5.77234e-06
2.2575 1.15447e-05
2.2625 5.77234e-06
2.2675 2.88617e-06
2.2725 1.15447e-05
2.2775 5.77234e-06
2.2825 8.65851e-06
2.2875 1.7317e-05
2.2925 8.65851e-06
2.2975 1.7317e-05
2.3025 1.15447e-05
2.3075 1.44308e-05
2.3125 1.7317e-05
2.3175 1.7317e-05
2.3225 2.59755e-05
2.3275 1.15447e-05
2.3325 1.15447e-05
2.3375 2.88617e-06
2.3425 8.65851e-06
2.3475 1.15447e-05
2.3525 2.30894e-05
2.3575 2.30894e-05
2.3625 1.7317e-05
2.3675 1.44308e-05
2.3725 5.77234e-06
2.3775 2.02032e-05
2.3825 1.7317e-05
2.3875 1.44308e-05
2.3925 2.59755e-05
2.3975 3.4634e-05
2.4025 4.04064e-05
2.4075 2.59755e-05
2.4125 4.61787e-05
2.4175 4.04064e-05
2.4225 3.4634e-05
2.4275 4.04064e-05
2.4325 4.04064e-05
2.4375 5.19511e-05
2.4425 6.34957e-05
2.4475 6.34957e-05
2.4525 7.21542e-05
2.4575 8.65851e-05
2.4625 9.52436e-05
2.4675 8.65851e-05
2.4725 0.000187601
2.4775 0.000167398
2.4825 0.000202032
2.4875 0.000176056
2.4925 0.000294389
2.4975 0.000282845
2.5025 0.00030882
2.5075 0.000343454
2.5125 0.000432925
2.5175 0.000548372
2.5225 0.000594551
2.5275 0.000735973
2.5325 0.000828331
2.5375 0.000969753
2.5425 0.00114004
2.5475 0.00130455
2.5525 0.00145752
2.5575 0.0017952
2.5625 0.00190487
2.5675 0.00221946
2.5725 0.00253983
2.5775 0.00299007
2.5825 0.00439275
2.5875 0.00434369
2.5925 0.00416186
2.5975 0.00449954
2.6025 0.00426576
2.6075 0.00703937
2.6125 0.00725872
2.6175 0.0074088
2.6225 0.0093916
2.6275 0.00991976
2.6325 0.0114148
2.6375 0.0130109
2.6425 0.0145954
2.6475 0.0155103
2.6525 0.0186331
2.6575 0.0203648
2.6625 0.0223592
2.6675 0.0259293
2.6725 0.027765
2.6775 0.0309224
2.6825 0.0354191
2.6875 0.0382331
2.6925 0.0426085
2.6975 0.0472177
2.7025 0.0517086
2.7075 0.0573309
2.7125 0.0617669
2.7175 0.068356
2.7225 0.0744545
2.7275 0.0814044
2.7325 0.0890297
2.7375 0.0967646
2.7425 0.105371
2.7475 0.113753
2.7525 0.124079
2.7575 0.13565
2.7625 0.145916
2.7675 0.156093
2.7725 0.168864
2.7775 0.181881
2.7825 0.195896
2.7875 0.209109
2.7925 0.224397
2.7975 0.240499
2.8025 0.256223
2.8075 0.273906
2.8125 0.292144
2.8175 0.30962
2.8225 0.328544
2.8275 0.349267
2.8325 0.367386
2.8375 0.388828
2.8425 0.412745
2.8475 0.432288
2.8525 0.455221
2.8575 0.476561
2.8625 0.498952
2.8675 0.524781
2.8725 0.547812
2.8775 0.573173
2.8825 0.595928
2.8875 0.618847
2.8925 0.642741
2.8975 0.6668
2.9025 0.689416
2.9075 0.712535
2.9125 0.736103
2.9175 0.75852
2.9225 0.780443
2.9275 0.800569
2.9325 0.822039
2.9375 0.841298
2.9425 0.86078
2.9475 0.878013
2.9525 0.892689
2.9575 0.909573
2.9625 0.923618
2.9675 0.936331
2.9725 0.950912
2.9775 0.963227
2.9825 0.970734
2.9875 0.979436
2.9925 0.986025
2.9975 0.988519
3.0025 0.995702
3.0075 0.998323
3.0125 1
3.0175 0.997873
3.0225 0.993812
3.0275 0.989985
3.0325 0.986969
3.0375 0.976157
3.0425 0.972766
3.0475 0.9594
3.0525 0.947838
3.0575 0.937113
3.0625 0.921407
3.0675 0.906468
3.0725 0.891901
3.0775 0.87345
3.0825 0.855285
3.0875 0.83694
3.0925 0.818197
3.0975 0.794219
3.1025 0.771802
3.1075 0.749163
3.1125 0.730533
3.1175 0.705501
3.1225 0.685364
3.1275 0.659002
3.1325 0.634513
3.1375 0.610061
3.1425 0.587587
3.1475 0.565799
3.1525 0.540201
3.1575 0.518044
3.1625 0.49333
3.1675 0.473141
3.1725 0.447752
3.1775 0.426691
3.1825 0.404895
3.1875 0.384181
3.1925 0.363279
3.1975 0.345073
3.2025 0.323066
3.2075 0.306771
3.2125 0.288946
3.2175 0.270148
3.2225 0.252707
3.2275 0.236276
3.2325 0.220521
3.2375 0.207155
3.2425 0.192989
3.2475 0.178166
3.2525 0.16693
3.2575 0.154188
3.2625 0.143261
3.2675 0.130925
3.2725 0.122073
3.2775 0.113354
3.2825 0.104644
3.2875 0.094828
3.2925 0.0871392
3.2975 0.0795601
3.3025 0.0728989
3.3075 0.0675393
3.3125 0.0607798
3.3175 0.0557839
3.3225 0.0504214
3.3275 0.0456477
3.3325 0.0414829
3.3375 0.0378175
3.3425 0.0337191
3.3475 0.0307262
3.3525 0.0271589
3.3575 0.0248759
3.3625 0.0220474
3.3675 0.0201051
3.3725 0.0175104
3.3775 0.0162145
3.3825 0.0126645
3.3875 0.0129358
3.3925 0.0125
3.3975 0.00806396
3.4025 0.0081592
3.4075 0.00790233
3.4125 0.00791099
3.4175 0.00824867
3.4225 0.00537693
3.4275 0.00488628
3.4325 0.00418783
3.4375 0.00364235
3.4425 0.00325849
3.4475 0.0028804
3.4525 0.00256869
3.4575 0.00237532
3.4625 0.00204052
3.4675 0.00166821
3.4725 0.00145174
3.4775 0.00122951
3.4825 0.00109386
3.4875 0.000900485
3.4925 0.000897599
3.4975 0.00067825
3.5025 0.000571462
3.5075 0.000479104
3.5125 0.000404064
3.5175 0.000392519
3.5225 0.000354999
3.5275 0.000282845
3.5325 0.000236666
3.5375 0.000265528
3.5425 0.000170284
3.5475 0.000129878
3.5525 0.000103902
3.5575 0.000115447
3.5625 0.000124105
3.5675 8.94713e-05
3.5725 8.94713e-05
3.5775 6.63819e-05
3.5825 7.21542e-05
3.5875 6.34957e-05
3.5925 6.92681e-05
3.5975 5.77234e-05
3.6025 4.04064e-05
3.6075 4.61787e-05
3.6125 3.17479e-05
3.6175 1.44308e-05
3.6225 5.19511e-05
3.6275 2.88617e-05
3.6325 2.02032e-05
3.6375 1.44308e-05
3.6425 2.59755e-05
3.6475 2.02032e-05
3.6525 1.15447e-05
3.6575 1.7317e-05
3.6625 2.30894e-05
3.6675 1.44308e-05
3.6725 2.88617e-05
3.6775 1.44308e-05
3.6825 1.7317e-05
3.6875 1.15447e-05
3.6925 3.17479e-05
3.6975 5.77234e-06
3.7025 1.44308e-05
3.7075 2.02032e-05
3.7125 2.30894e-05
3.7175 2.02032e-05
3.7225 3.75202e-05
3.7275 5.77234e-06
3.7325 1.7317e-05
3.7375 1.15447e-05
3.7425 2.02032e-05
3.7475 5.77234e-06
3.7525 2.02032e-05
3.7575 1.44308e-05
3.7625 1.7317e-05
3.7675 2.59755e-05
3.7725 1.15447e-05
3.7775 8.65851e-06
3.7825 1.15447e-05
3.7875 8.65851e-06
3.7925 8.65851e-06
3.7975 2.30894e-05
3.8025 2.02032e-05
3.8075 8.65851e-06
3.8125 8.65851e-06
3.8175 2.30894e-05
3.8225 1.15447e-05
3.8275 2.88617e-06
3.8325 2.30894e-05
3.8375 1.7317e-05
3.8425 1.44308e-05
3.8475 2.02032e-05
3.8525 1.44308e-05
3.8575 5.77234e-06
3.8625 1.15447e-05
3.8675 2.88617e-05
3.8725 8.65851e-06
3.8775 2.30894e-05
3.8825 5.77234e-06
3.8875 2.02032e-05
3.8925 1.7317e-05
3.8975 1.7317e-05
3.9025 2.59755e-05
3.9075 1.44308e-05
3.9125 1.15447e-05
3.9175 8.65851e-06
3.9225 1.15447e-05
3.9275 2.88617e-06
3.9325 5.77234e-06
3.9375 1.15447e-05
3.9425 8.65851e-06
3.9475 5.77234e-06
3.9525 1.44308e-05
3.9575 2.30894e-05
3.9625 1.15447e-05
3.9675 1.15447e-05
3.9725 8.65851e-06
3.9775 1.15447e-05
3.9825 1.15447e-05
3.9875 1.44308e-05
3.9925 2.30894e-05
3.9975 1.44308e-05
4.0025 1.15447e-05
4.0075 1.7317e-05
4.0125 1.15447e-05
4.0175 1.44308e-05
4.0225 2.02032e-05
4.0275 1.15447e-05
4.0325 8.65851e-06
4.0375 1.44308e-05
4.0425 1.15447e-05
4.0475 1.15447e-05
4.0525 8.65851e-06
4.0575 1.15447e-05
4.0625 5.77234e-06
4.0675 5.77234e-06
4.0725 1.7317e-05
4.0775 1.15447e-05
4.0825 2.30894e-05
4.0875 1.15447e-05
4.0925 1.7317e-05
4.0975 2.02032e-05
4.1025 1.15447e-05
4.1075 1.7317e-05
4.1175 1.44308e-05
4.1225 2.02032e-05
4.1275 1.15447e-05
4.1325 2.30894e-05
4.1375 2.02032e-05
4.1425 1.15447e-05
4.1475 1.15447e-05
4.1525 1.44308e-05
4.1575 2.02032e-05
4.1625 2.02032e-05
4.1675 1.15447e-05
4.1725 2.30894e-05
4.1775 2.02032e-05
4.1825 2.30894e-05
4.1875 1.44308e-05
4.1925 1.44308e-05
4.1975 8.65851e-06
4.2025 8.65851e-06
4.2075 2.59755e-05
4.2125 1.44308e-05
4.2175 8.65851e-06
4.2225 1.7317e-05
4.2275 2.88617e-06
4.2325 2.02032e-05
4.2375 5.77234e-06
4.2425 1.7317e-05
4.2475 1.15447e-05
4.2525 1.15447e-05
4.2575 2.02032e-05
4.2625 1.44308e-05
4.2675 8.65851e-06
4.2725 5.77234e-06
4.2775 1.15447e-05
4.2825 8.65851e-06
4.2875 1.44308e-05
4.2925 8.65851e-06
4.2975 1.44308e-05
4.3025 1.44308e-05
4.3075 1.44308e-05
4.3125 1.7317e-05
4.3175 1.44308e-05
4.3225 1.44308e-05
4.3275 5.77234e-06
4.3325 1.44308e-05
4.3375 1.15447e-05
4.3425 8.65851e-06
4.3475 1.15447e-05
4.3525 1.44308e-05
4.3575 2.59755e-05
4.3625 2.88617e-06
4.3675 1.15447e-05
4.3725 5.77234e-06
4.3775 5.77234e-06
4.3825 1.44308e-05
4.3875 5.77234e-06
4.3925 2.30894e-05
4.3975 1.44308e-05
4.4025 2.30894e-05
4.4075 1.15447e-05
4.4125 8.65851e-06
4.4175 1.44308e-05
4.4225 1.15447e-05
4.4275 1.44308e-05
4.4325 1.7317e-05
4.4375 8.65851e-06
4.4425 1.44308e-05
4.4475 1.15447e-05
4.4525 8.65851e-06
4.4575 5.77234e-06
4.4625 2.88617e-06
4.4675 1.44308e-05
4.4725 5.77234e-06
4.4775 2.88617e-06
4.4825 1.7317e-05
4.4875 1.15447e-05
4.4925 2.59755e-05
4.4975 5.77234e-06
4.5025 2.88617e-06
4.5075 2.88617e-06
4.5125 2.59755e-05
4.5175 2.88617e-06
4.5225 5.77234e-06
4.5275 1.44308e-05
4.5325 5.77234e-06
4.5375 1.7317e-05
4.5425 5.77234e-06
4.5475 2.88617e-05
4.5525 1.7317e-05
4.5575 8.65851e-06
4.5625 1.44308e-05
4.5675 2.88617e-06
4.5725 1.15447e-05
4.5775 5.77234e-06
4.5825 1.15447e-05
4.5875 1.15447e-05
4.5925 1.15447e-05
4.5975 1.44308e-05
4.6025 1.15447e-05
4.6075 2.88617e-06
4.6125 2.88617e-05
4.6175 8.65851e-06
4.6225 1.15447e-05
4.6275 2.30894e-05
4.6325 1.15447e-05
4.6375 8.65851e-06
4.6425 2.88617e-06
4.6475 1.44308e-05
4.6525 5.77234e-06
4.6575 5.77234e-06
4.6625 8.65851e-06
4.6675 8.65851e-06
4.6725 1.44308e-05
4.6775 5.77234e-06
4.6825 8.65851e-06
4.6875 8.65851e-06
4.6925 1.44308e-05
4.6975 8.65851e-06
4.7025 2.88617e-06
4.7075 1.15447e-05
4.7125 1.44308e-05
4.7175 5.77234e-06
4.7225 1.15447e-05
4.7275 2.02032e-05
4.7325 8.65851e-06
4.7375 8.65851e-06
4.7425 1.15447e-05
4.7475 1.15447e-05
4.7525 2.88617e-06
4.7575 8.65851e-06
4.7625 5.77234e-06
4.7675 2.88617e-06
4.7725 1.44308e-05
4.7775 1.15447e-05
4.7825 2.30894e-05
4.7875 2.30894e-05
4.7925 5.77234e-06
4.7975 1.44308e-05
4.8025 1.7317e-05
4.8075 1.15447e-05
4.8125 1.15447e-05
4.8175 1.15447e-05
4.8225 8.65851e-06
4.8275 1.7317e-05
4.8325 8.65851e-06
4.8375 5.77234e-06
4.8425 1.7317e-05
4.8475 1.15447e-05
4.8525 8.65851e-06
4.8575 8.65851e-06
4.8625 2.30894e-05
4.8675 2.88617e-06
4.8725 8.65851e-06
4.8825 1.15447e-05
4.8875 2.30894e-05
4.8975 5.77234e-06
4.9025 1.15447e-05
4.9075 1.44308e-05
4.9125 2.02032e-05
4.9175 1.44308e-05
4.9225 1.15447e-05
4.9275 1.44308e-05
4.9325 8.65851e-06
4.9375 2.88617e-06
4.9425 1.15447e-05
4.9475 1.15447e-05
4.9525 1.44308e-05
4.9575 1.15447e-05
4.9625 5.77234e-06
4.9675 1.15447e-05
4.9725 2.88617e-06
4.9775 8.65851e-06
4.9825 5.77234e-06
4.9875 1.15447e-05
4.9925 5.77234e-06
4.9975 1.15447e-05
5.0025 1.15447e-05
5.0075 8.65851e-06
5.0125 8.65851e-06
5.0175 1.7317e-05
5.0225 8.65851e-06
5.0275 5.77234e-06
5.0325 2.02032e-05
5.0375 1.15447e-05
5.0425 1.15447e-05
5.0475 2.88617e-06
5.0525 1.44308e-05
5.0575 5.77234e-06
5.0625 5.77234e-06
5.0675 8.65851e-06
5.0725 5.77234e-06
5.0775 1.15447e-05
5.0825 1.15447e-05
5.0875 5.77234e-06
5.0925 8.65851e-06
5.0975 5.77234e-06
5.1025 2.59755e-05
5.1075 1.7317e-05
5.1125 2.88617e-06
5.1175 1.15447e-05
5.1225 8.65851e-06
5.1275 2.88617e-06
5.1325 8.65851e-06
5.1375 2.30894e-05
5.1425 5.77234e-06
5.1475 5.77234e-06
5.1525 1.15447e-05
5.1575 5.77234e-06
5.1625 5.77234e-06
5.1675 2.59755e-05
5.1725 1.7317e-05
5.1775 1.44308e-05
5.1825 5.77234e-06
5.1875 8.65851e-06
5.1925 1.44308e-05
5.2025 1.7317e-05
5.2075 1.15447e-05
5.2125 8.65851e-06
5.2175 1.15447e-05
5.2225 5.77234e-06
5.2275 1.15447e-05
5.2325 8.65851e-06
5.2375 5.77234e-06
5.2425 1.44308e-05
5.2475 1.7317e-05
5.2525 2.59755e-05
5.2575 8.65851e-06
5.2625 1.15447e-05
5.2675 2.30894e-05
5.2725 1.44308e-05
5.2775 1.15447e-05
5.2825 3.4634e-05
5.2875 5.77234e-06
5.2925 8.65851e-06
5.2975 1.44308e-05
5.3025 5.77234e-06
5.3075 1.15447e-05
5.3125 1.15447e-05
5.3175 1.7317e-05
5.3225 8.65851e-06
5.3275 1.44308e-05
5.3325 5.77234e-06
5.3375 2.02032e-05
5.3425 1.7317e-05
5.3475 1.44308e-05
5.3525 1.44308e-05
5.3575 1.15447e-05
5.3625 1.15447e-05
5.3675 1.7317e-05
5.3725 5.77234e-06
5.3775 1.44308e-05
5.3825 1.44308e-05
5.3875 2.02032e-05
5.3925 1.7317e-05
5.3975 1.7317e-05
5.4025 8.65851e-06
5.4075 1.44308e-05
5.4125 1.44308e-05
5.4175 1.15447e-05
5.4225 2.88617e-06
5.4275 2.30894e-05
5.4325 2.02032e-05
5.4375 1.44308e-05
5.4425 2.59755e-05
5.4475 1.15447e-05
5.4525 1.44308e-05
5.4575 8.65851e-06
5.4625 1.15447e-05
5.4675 1.15447e-05
5.4725 1.44308e-05
5.4775 1.7317e-05
5.4825 1.7317e-05
5.4875 1.44308e-05
5.4925 1.15447e-05
5.4975 1.15447e-05
5.5025 5.77234e-06
5.5075 2.02032e-05
5.5125 1.15447e-05
5.5175 1.44308e-05
5.5225 1.44308e-05
5.5275 1.7317e-05
5.5325 2.02032e-05
5.5375 2.30894e-05
5.5425 8.65851e-06
5.5475 2.02032e-05
5.5525 2.30894e-05
5.5575 1.7317e-05
5.5625 2.30894e-05
5.5675 1.7317e-05
5.5725 8.65851e-06
5.5775 1.44308e-05
5.5825 1.44308e-05
5.5875 1.44308e-05
5.5925 1.44308e-05
5.5975 2.88617e-05
5.6025 5.77234e-06
5.6075 1.15447e-05
5.6125 3.4634e-05
5.6175 2.30894e-05
5.6225 2.30894e-05
5.6275 1.15447e-05
5.6325 1.7317e-05
5.6375 1.44308e-05
5.6425 1.44308e-05
5.6475 1.15447e-05
5.6525 8.65851e-06
5.6575 1.44308e-05
5.6625 2.30894e-05
5.6675 1.7317e-05
5.6725 3.75202e-05
5.6775 1.7317e-05
5.6825 2.30894e-05
5.6875 1.15447e-05
5.6925 1.15447e-05
5.6975 8.65851e-06
5.7025 2.59755e-05
5.7075 2.30894e-05
5.7125 1.15447e-05
5.7175 8.65851e-06
5.7225 3.4634e-05
5.7275 1.15447e-05
5.7325 1.44308e-05
5.7375 2.59755e-05
5.7425 2.30894e-05
5.7475 2.59755e-05
5.7525 2.30894e-05
5.7575 1.44308e-05
5.7625 1.7317e-05
5.7675 2.59755e-05
5.7725 2.30894e-05
5.7775 2.30894e-05
5.7825 3.17479e-05
5.7875 1.7317e-05
5.7925 4.32925e-05
5.7975 2.88617e-05
5.8025 2.30894e-05
5.8075 2.30894e-05
5.8125 1.7317e-05
5.8175 5.77234e-06
5.8225 2.30894e-05
5.8275 2.30894e-05
5.8325 3.4634e-05
5.8375 2.88617e-05
5.8425 1.7317e-05
5.8475 2.59755e-05
5.8525 2.30894e-05
5.8575 3.17479e-05
5.8625 2.02032e-05
5.8675 1.7317e-05
5.8725 1.15447e-05
5.8775 3.17479e-05
5.8825 1.44308e-05
5.8875 1.7317e-05
5.8925 4.04064e-05
5.8975 4.61787e-05
5.9025 2.30894e-05
5.9075 4.04064e-05
5.9125 2.30894e-05
5.9175 5.77234e-06
5.9225 2.59755e-05
5.9275 2.88617e-05
5.9325 2.30894e-05
5.9375 2.59755e-05
5.9425 2.59755e-05
5.9475 4.04064e-05
5.9525 1.44308e-05
5.9575 1.7317e-05
5.9625 2.88617e-05
5.9675 1.7317e-05
5.9725 1.7317e-05
5.9775 2.30894e-05
5.9825 2.02032e-05
5.9875 2.30894e-05
5.9925 3.17479e-05
5.9975 3.17479e-05
6.0025 2.59755e-05
6.0075 2.88617e-05
6.0125 3.17479e-05
6.0175 1.7317e-05
6.0225 1.7317e-05
6.0275 2.59755e-05
6.0325 2.02032e-05
6.0375 1.44308e-05
6.0425 1.7317e-05
6.0475 2.30894e-05
6.0525 2.59755e-05
6.0575 2.88617e-05
6.0625 3.17479e-05
6.0675 2.30894e-05
6.0725 3.4634e-05
6.0775 3.75202e-05
6.0825 3.17479e-05
6.0875 1.7317e-05
6.0925 3.17479e-05
6.0975 2.30894e-05
6.1025 8.65851e-06
6.1075 2.59755e-05
6.1125 1.7317e-05
6.1175 8.65851e-06
6.1225 1.44308e-05
6.1275 2.02032e-05
6.1325 2.59755e-05
6.1375 1.7317e-05
6.1425 1.7317e-05
6.1475 1.7317e-05
6.1525 2.59755e-05
6.1575 1.44308e-05
6.1625 3.17479e-05
6.1675 2.30894e-05
6.1725 4.32925e-05
6.1775 3.17479e-05
6.1825 4.32925e-05
6.1875 1.15447e-05
6.1925 4.04064e-05
6.1975 1.15447e-05
6.2025 2.59755e-05
6.2075 2.88617e-05
6.2125 3.17479e-05
6.2175 2.88617e-05
6.2225 1.7317e-05
6.2275 1.44308e-05
6.2325 1.7317e-05
6.2375 3.4634e-05
6.2425 8.65851e-06
6.2475 2.30894e-05
6.2525 8.65851e-06
6.2575 1.44308e-05
6.2625 2.59755e-05
6.2675 1.7317e-05
6.2725 8.65851e-06
6.2775 5.77234e-06
6.2825 2.02032e-05
6.2875 2.59755e-05
6.2925 1.7317e-05
6.2975 2.88617e-05
6.3025 2.30894e-05
6.3075 1.15447e-05
6.3125 8.65851e-06
6.3175 5.77234e-06
6.3225 1.44308e-05
6.3275 8.65851e-06
6.3325 8.65851e-06
6.3375 1.7317e-05
6.3425 1.44308e-05
6.3475 1.44308e-05
6.3525 1.15447e-05
6.3575 1.15447e-05
6.3625 2.30894e-05
6.3675 1.7317e-05
6.3725 5.77234e-06
6.3775 2.88617e-05
6.3825 1.44308e-05
6.3875 1.44308e-05
6.3925 1.15447e-05
6.3975 8.65851e-06
6.4025 1.15447e-05
6.4075 1.15447e-05
6.4125 8.65851e-06
6.4175 1.44308e-05
6.4225 5.77234e-06
6.4275 1.15447e-05
6.4325 1.15447e-05
6.4375 8.65851e-06
6.4425 8.65851e-06
6.4475 8.65851e-06
6.4525 5.77234e-06
6.4575 8.65851e-06
6.4625 1.44308e-05
6.4675 1.7317e-05
6.4725 1.7317e-05
6.4775 2.88617e-06
6.4825 1.7317e-05
6.4875 5.77234e-06
6.4925 8.65851e-06
6.4975 1.15447e-05
6.5025 5.77234e-06
6.5075 8.65851e-06
6.5125 1.15447e-05
6.5175 1.15447e-05
6.5275 1.15447e-05
6.5325 1.15447e-05
6.5375 1.15447e-05
6.5425 1.15447e-05
6.5475 1.44308e-05
6.5525 1.44308e-05
6.5575 8.65851e-06
6.5625 5.77234e-06
6.5675 5.77234e-06
6.5725 5.77234e-06
6.5775 1.15447e-05
6.5825 1.44308e-05
6.5875 5.77234e-06
6.5925 8.65851e-06
6.5975 1.44308e-05
6.6025 1.7317e-05
6.6075 2.88617e-06
6.6125 1.44308e-05
6.6175 5.77234e-06
6.6225 1.44308e-05
6.6275 1.44308e-05
6.6325 5.77234e-06
6.6375 5.77234e-06
6.6425 1.44308e-05
6.6475 1.15447e-05
6.6525 1.15447e-05
6.6575 5.77234e-06
6.6625 2.88617e-06
6.6675 5.77234e-06
6.6725 2.88617e-06
6.6775 8.65851e-06
6.6825 5.77234e-06
6.6875 8.65851e-06
6.6925 5.77234e-06
6.6975 1.15447e-05
6.7025 1.15447e-05
6.7075 1.15447e-05
6.7125 5.77234e-06
6.7175 5.77234e-06
6.7225 1.15447e-05
6.7275 1.15447e-05
6.7325 5.77234e-06
6.7375 2.88617e-06
6.7425 2.88617e-06
6.7475 1.7317e-05
6.7525 1.44308e-05
6.7575 8.65851e-06
6.7625 8.65851e-06
6.7675 5.77234e-06
6.7725 2.88617e-06
6.7775 5.77234e-06
6.7825 8.65851e-06
6.7875 5.77234e-06
6.7975 1.44308e-05
6.8025 1.15447e-05
6.8075 1.7317e-05
6.8125 8.65851e-06
6.8175 5.77234e-06
6.8225 1.15447e-05
6.8275 8.65851e-06
6.8325 5.77234e-06
6.8375 8.65851e-06
6.8425 1.15447e-05
6.8475 5.77234e-06
6.8525 2.30894e-05
6.8575 1.15447e-05
6.8675 8.65851e-06
6.8725 2.88617e-06
6.8775 8.65851e-06
6.8825 1.44308e-05
6.8875 1.7317e-05
6.8925 8.65851e-06
6.8975 8.65851e-06
6.9025 5.77234e-06
6.9075 1.15447e-05
6.9175 1.15447e-05
6.9225 2.88617e-06
6.9275 8.65851e-06
6.9325 5.77234e-06
6.9375 2.02032e-05
6.9425 8.65851e-06
6.9475 8.65851e-06
6.9525 1.44308e-05
6.9575 5.77234e-06
6.9625 5.77234e-06
6.9675 8.65851e-06
6.9775 5.77234e-06
6.9825 1.15447e-05
6.9875 1.7317e-05
6.9925 5.77234e-06
6.9975 5.77234e-06
7.0025 8.65851e-06
7.0075 8.65851e-06
7.0125 1.15447e-05
7.0175 1.15447e-05
7.0225 2.88617e-06
7.0275 1.15447e-05
7.0375 5.77234e-06
7.0425 1.15447e-05
7.0475 5.77234e-06
7.0525 1.44308e-05
7.0575 1.15447e-05
7.0625 2.88617e-06
7.0675 5.77234e-06
7.0725 8.65851e-06
7.0775 1.44308e-05
7.0825 1.44308e-05
7.0875 2.88617e-06
7.0925 1.15447e-05
7.0975 8.65851e-06
7.1025 2.02032e-05
7.1075 5.77234e-06
7.1125 5.77234e-06
7.1175 1.44308e-05
7.1225 2.88617e-06
7.1275 1.7317e-05
7.1325 1.15447e-05
7.1375 1.15447e-05
7.1425 2.88617e-06
7.1475 5.77234e-06
7.1525 5.77234e-06
7.1575 2.88617e-06
7.1625 1.15447e-05
7.1675 5.77234e-06
7.1725 5.77234e-06
7.1775 1.15447e-05
7.1825 2.88617e-06
7.1875 1.15447e-05
7.1925 8.65851e-06
7.1975 8.65851e-06
7.2025 2.88617e-06
7.2075 2.88617e-06
7.2125 8.65851e-06
7.2175 2.88617e-06
7.2225 8.65851e-06
7.2275 8.65851e-06
7.2325 5.77234e-06
7.2375 5.77234e-06
7.2425 2.88617e-06
7.2475 1.44308e-05
7.2525 1.44308e-05
7.2575 2.02032e-05
7.2625 2.88617e-06
7.2675 1.15447e-05
7.2725 2.88617e-06
7.2775 8.65851e-06
7.2825 2.02032e-05
7.2875 5.77234e-06
7.2925 2.02032e-05
7.2975 1.44308e-05
7.3025 1.44308e-05
7.3075 2.88617e-06
7.3125 1.15447e-05
7.3175 5.77234e-06
7.3225 2.02032e-05
7.3275 8.65851e-06
7.3325 5.77234e-06
7.3425 8.65851e-06
7.3475 2.88617e-06
7.3525 2.88617e-06
7.3575 8.65851e-06
7.3625 2.88617e-06
7.3675 8.65851e-06
7.3725 1.15447e-05
7.3775 8.65851e-06
7.3825 1.7317e-05
7.3875 8.65851e-06
7.3925 1.15447e-05
7.3975 1.15447e-05
7.4025 1.7317e-05
7.4075 5.77234e-06
7.4125 2.88617e-06
7.4175 2.88617e-06
7.4225 2.88617e-06
7.4275 2.88617e-06
7.4325 8.65851e-06
7.4375 5.77234e-06
7.4425 2.88617e-06
7.4475 5.77234e-06
7.4525 5.77234e-06
7.4575 2.88617e-06
7.4625 1.15447e-05
7.4675 5.77234e-06
7.4725 2.88617e-06
7.4775 1.7317e-05
7.4825 8.65851e-06
7.4875 1.15447e-05
7.4925 1.44308e-05
7.4975 8.65851e-06
7.5025 1.15447e-05
7.5075 1.15447e-05
7.5125 8.65851e-06
7.5175 5.77234e-06
7.5225 2.88617e-06
7.5275 2.88617e-06
7.5325 5.77234e-06
7.5425 8.65851e-06
7.5475 1.15447e-05
7.5525 5.77234e-06
7.5575 1.15447e-05
7.5625 1.44308e-05
7.5675 8.65851e-06
7.5725 5.77234e-06
7.5775 1.44308e-05
7.5825 8.65851e-06
7.5875 8.65851e-06
7.5925 1.44308e-05
7.5975 1.15447e-05
7.6025 8.65851e-06
7.6075 2.88617e-06
7.6125 8.65851e-06
7.6175 2.88617e-06
7.6225 8.65851e-06
7.6275 1.7317e-05
7.6325 8.65851e-06
7.6375 8.65851e-06
7.6425 1.44308e-05
7.6475 2.88617e-06
7.6525 5.77234e-06
7.6625 5.77234e-06
7.6675 2.88617e-06
7.6725 1.15447e-05
7.6775 5.77234e-06
7.6825 1.44308e-05
7.6875 2.88617e-06
7.6925 8.65851e-06
7.6975 5.77234e-06
7.7025 1.15447e-05
7.7075 1.44308e-05
7.7125 8.65851e-06
7.7175 2.88617e-06
7.7225 1.7317e-05
7.7275 8.65851e-06
7.7325 1.15447e-05
7.7375 1.44308e-05
7.7425 2.88617e-06
7.7475 8.65851e-06
7.7525 5.77234e-06
7.7575 2.02032e-05
7.7625 8.65851e-06
7.7675 1.44308e-05
7.7725 1.15447e-05
7.7825 1.15447e-05
7.7925 5.77234e-06
7.7975 1.44308e-05
7.8025 8.65851e-06
7.8075 8.65851e-06
7.8125 5.77234e-06
7.8175 5.77234e-06
7.8225 5.77234e-06
7.8275 1.7317e-05
7.8325 2.88617e-06
7.8375 8.65851e-06
7.8425 5.77234e-06
7.8475 1.15447e-05
7.8525 2.88617e-06
7.8575 2.88617e-06
7.8625 5.77234e-06
7.8675 2.88617e-06
7.8725 8.65851e-06
7.8775 2.88617e-06
7.8825 5.77234e-06
7.8925 2.88617e-06
7.8975 1.15447e-05
7.9025 8.65851e-06
7.9075 5.77234e-06
7.9125 2.88617e-06
7.9175 5.77234e-06
7.9225 8.65851e-06
7.9275 5.77234e-06
7.9325 1.44308e-05
7.9375 2.88617e-06
7.9425 1.7317e-05
7.9475 2.88617e-06
7.9525 2.88617e-06
7.9575 1.7317e-05
7.9625 5.77234e-06
7.9675 8.65851e-06
7.9725 8.65851e-06
7.9775 8.65851e-06
7.9825 5.77234e-06
7.9875 5.77234e-06
7.9925 8.65851e-06
7.9975 5.77234e-06
8.0025 8.65851e-06
8.0075 1.7317e-05
8.0125 5.77234e-06
8.0175 1.15447e-05
8.0225 5.77234e-06
8.0275 5.77234e-06
8.0325 1.7317e-05
8.0375 5.77234e-06
8.0425 1.7317e-05
8.0475 2.02032e-05
8.0525 2.88617e-06
8.0575 2.88617e-06
8.0625 1.44308e-05
8.0675 8.65851e-06
8.0775 8.65851e-06
8.0825 8.65851e-06
8.0875 2.88617e-06
8.0925 8.65851e-06
8.0975 5.77234e-06
8.1025 8.65851e-06
8.1075 5.77234e-06
8.1125 1.15447e-05
8.1175 8.65851e-06
8.1225 2.02032e-05
8.1275 1.15447e-05
8.1325 1.15447e-05
8.1375 1.15447e-05
8.1425 1.15447e-05
8.1475 1.15447e-05
8.1525 8.65851e-06
8.1575 8.65851e-06
8.1625 1.44308e-05
8.1675 5.77234e-06
8.1725 2.88617e-06
8.1775 8.65851e-06
8.1825 2.88617e-06
8.1875 5.77234e-06
8.1925 1.15447e-05
8.1975 2.02032e-05
8.2025 1.15447e-05
8.2075 5.77234e-06
8.2125 1.15447e-05
8.2175 8.65851e-06
8.2225 5.77234e-06
8.2275 2.88617e-06
8.2375 8.65851e-06
8.2425 2.88617e-06
8.2475 1.44308e-05
8.2525 8.65851e-06
8.2575 1.7317e-05
8.2625 1.7317e-05
8.2675 1.7317e-05
8.2725 1.44308e-05
8.2775 5.77234e-06
8.2825 1.44308e-05
8.2875 1.44308e-05
8.2925 8.65851e-06
8.2975 5.77234e-06
8.3025 8.65851e-06
8.3075 5.77234e-06
8.3125 8.65851e-06
8.3175 1.15447e-05
8.3225 5.77234e-06
8.3275 1.7317e-05
8.3375 5.77234e-06
8.3425 1.15447e-05
8.3475 5.77234e-06
8.3525 5.77234e-06
8.3575 1.15447e-05
8.3625 2.88617e-06
8.3675 1.15447e-05
8.3725 5.77234e-06
8.3775 2.88617e-06
8.3825 8.65851e-06
8.3925 1.15447e-05
8.3975 8.65851e-06
8.4025 8.65851e-06
8.4075 5.77234e-06
8.4125 8.65851e-06
8.4175 8.65851e-06
8.4225 1.15447e-05
8.4275 1.15447e-05
8.4325 1.15447e-05
8.4375 1.44308e-05
8.4475 5.77234e-06
8.4525 5.77234e-06
8.4575 2.88617e-06
8.4625 5.77234e-06
8.4675 2.88617e-06
8.4725 2.88617e-06
8.4775 8.65851e-06
8.4825 2.88617e-06
8.4875 5.77234e-06
8.4925 8.65851e-06
8.4975 8.65851e-06
8.5025 2.88617e-06
8.5075 1.44308e-05
8.5125 8.65851e-06
8.5175 8.65851e-06
8.5275 1.15447e-05
8.5425 2.88617e-06
8.5475 1.44308e-05
8.5525 8.65851e-06
8.5575 8.65851e-06
8.5625 5.77234e-06
8.5675 5.77234e-06
8.5725 5.77234e-06
8.5825 1.44308e-05
8.5875 5.77234e-06
8.5975 5.77234e-06
8.6025 2.88617e-06
8.6075 8.65851e-06
8.6125 2.88617e-06
8.6175 8.65851e-06
8.6225 5.77234e-06
8.6275 2.02032e-05
8.6325 1.15447e-05
8.6375 5.77234e-06
8.6425 1.44308e-05
8.6475 8.65851e-06
8.6525 8.65851e-06
8.6575 8.65851e-06
8.6625 5.77234e-06
8.6675 1.15447e-05
8.6725 5.77234e-06
8.6775 2.02032e-05
8.6825 2.88617e-06
8.6875 8.65851e-06
8.6925 1.15447e-05
8.6975 8.65851e-06
8.7025 1.44308e-05
8.7175 1.15447e-05
8.7225 8.65851e-06
8.7275 5.77234e-06
8.7325 8.65851e-06
8.7375 1.15447e-05
8.7425 1.15447e-05
8.7475 1.15447e-05
8.7525 8.65851e-06
8.7575 8.65851e-06
8.7625 1.15447e-05
8.7675 1.15447e-05
8.7725 5.77234e-06
8.7775 1.44308e-05
8.7825 8.65851e-06
8.7925 5.77234e-06
8.7975 1.44308e-05
8.8025 8.65851e-06
8.8075 8.65851e-06
8.8125 1.15447e-05
8.8175 2.88617e-06
8.8225 5.77234e-06
8.8275 5.77234e-06
8.8325 8.65851e-06
8.8375 2.88617e-06
8.8425 1.44308e-05
8.8475 1.15447e-05
8.8525 5.77234e-06
8.8575 2.88617e-06
8.8625 2.88617e-06
8.8675 2.88617e-06
8.8725 5.77234e-06
8.8775 2.88617e-06
8.8875 5.77234e-06
8.8925 2.88617e-06
8.8975 2.88617e-06
8.9025 8.65851e-06
8.9075 2.88617e-06
8.9125 2.88617e-06
8.9175 2.88617e-06
8.9275 2.88617e-06
8.9325 5.77234e-06
8.9375 5.77234e-06
8.9425 8.65851e-06
8.9475 2.88617e-06
8.9525 1.15447e-05
8.9575 8.65851e-06
8.9625 1.44308e-05
8.9725 8.65851e-06
8.9775 5.77234e-06
8.9825 5.77234e-06
8.9925 1.7317e-05
8.9975 1.15447e-05
9.0025 5.77234e-06
9.0075 8.65851e-06
9.0125 5.77234e-06
9.0175 2.88617e-06
9.0225 2.88617e-06
9.0275 1.44308e-05
9.0325 5.77234e-06
9.0375 5.77234e-06
9.0425 8.65851e-06
9.0475 2.88617e-06
9.0525 8.65851e-06
9.0575 2.88617e-06
9.0625 2.88617e-06
9.0675 2.88617e-06
9.0725 5.77234e-06
9.0775 8.65851e-06
9.0825 5.77234e-06
9.0925 2.88617e-06
9.0975 2.88617e-06
9.1025 8.65851e-06
9.1075 5.77234e-06
9.1125 8.65851e-06
9.1175 5.77234e-06
9.1225 5.77234e-06
9.1275 8.65851e-06
9.1325 5.77234e-06
9.1375 2.88617e-06
9.1425 5.77234e-06
9.1525 2.88617e-06
9.1625 1.15447e-05
9.1675 8.65851e-06
9.1725 2.88617e-06
9.1825 1.15447e-05
9.1875 2.88617e-06
9.1925 5.77234e-06
9.1975 5.77234e-06
9.2075 1.7317e-05
9.2125 2.88617e-06
9.2175 2.88617e-06
9.2225 2.88617e-06
9.2275 2.88617e-06
9.2325 5.77234e-06
9.2425 1.44308e-05
9.2625 2.88617e-06
9.2675 2.88617e-06
9.2725 1.15447e-05
9.2775 2.88617e-06
9.2825 2.88617e-06
9.2875 2.88617e-06
9.2925 2.88617e-06
9.3025 2.88617e-06
9.3075 5.77234e-06
9.3125 2.88617e-06
9.3175 8.65851e-06
9.3275 5.77234e-06
9.3375 2.88617e-06
9.3425 5.77234e-06
9.3525 5.77234e-06
9.3575 1.15447e-05
9.3625 2.88617e-06
9.3675 2.88617e-06
9.3725 2.88617e-06
9.3825 2.88617e-06
9.3875 2.88617e-06
9.3975 2.88617e-06
9.4025 8.65851e-06
9.4075 5.77234e-06
9.4225 2.88617e-06
9.4275 2.88617e-06
9.4375 5.77234e-06
9.4425 8.65851e-06
9.4475 5.77234e-06
9.4525 8.65851e-06
9.4575 2.88617e-06
9.4675 5.77234e-06
9.4925 5.77234e-06
9.4975 5.77234e-06
9.5075 5.77234e-06
9.5125 5.77234e-06
9.5175 5.77234e-06
9.5275 2.88617e-06
9.5325 2.88617e-06
9.5525 5.77234e-06
9.5625 2.88617e-06
9.5725 2.88617e-06
9.5925 5.77234e-06
9.5975 5.77234e-06
9.6025 5.77234e-06
9.6125 8.65851e-06
9.6175 5.77234e-06
9.6225 2.88617e-06
9.6275 5.77234e-06
9.6375 5.77234e-06
9.6475 5.77234e-06
9.6525 1.15447e-05
9.6625 8.65851e-06
9.6675 5.77234e-06
9.6725 2.88617e-06
9.6775 2.88617e-06
9.6975 2.88617e-06
9.7025 2.88617e-06
9.7075 5.77234e-06
9.7125 2.88617e-06
9.7175 5.77234e-06
9.7225 2.88617e-06
9.7325 8.65851e-06
9.7475 2.88617e-06
9.7525 2.88617e-06
9.7575 2.88617e-06
9.7725 2.88617e-06
9.7775 5.77234e-06
9.7875 5.77234e-06
9.7925 2.88617e-06
9.8025 8.65851e-06
9.8225 5.77234e-06
9.8275 8.65851e-06
9.8325 2.88617e-06
9.8375 5.77234e-06
9.8525 8.65851e-06
9.8575 2.88617e-06
9.8675 5.77234e-06
9.8725 2.88617e-06
9.8775 5.77234e-06
9.8825 5.77234e-06
9.8875 2.88617e-06
9.8925 8.65851e-06
9.8975 2.88617e-06
9.9025 5.77234e-06
9.9125 2.88617e-06
9.9175 2.88617e-06
9.9225 5.77234e-06
9.9275 5.77234e-06
9.9525 2.88617e-06
9.9575 5.77234e-06
9.9775 2.88617e-06
9.9825 2.88617e-06
9.9875 2.88617e-06
10.0025 2.88617e-06
10.0225 5.77234e-06
10.0425 5.77234e-06
10.0475 2.88617e-06
10.0525 1.15447e-05
10.0725 2.88617e-06
10.0875 2.88617e-06
10.0925 2.88617e-06
10.0975 2.88617e-06
10.1075 2.88617e-06
10.1175 2.88617e-06
10.1275 5.77234e-06
10.1375 2.88617e-06
10.1475 2.88617e-06
10.1525 2.88617e-06
10.1875 5.77234e-06
10.2075 2.88617e-06
10.2175 2.88617e-06
10.2225 5.77234e-06
10.2475 2.88617e-06
10.2525 2.88617e-06
10.2575 2.88617e-06
10.2625 5.77234e-06
10.2675 2.88617e-06
10.2775 2.88617e-06
10.2925 8.65851e-06
10.3025 2.88617e-06
10.3125 2.88617e-06
10.3225 2.88617e-06
10.3275 2.88617e-06
10.3625 2.88617e-06
10.3725 2.88617e-06
10.3775 5.77234e-06
10.3925 5.77234e-06
10.3975 5.77234e-06
10.4125 5.77234e-06
10.4275 2.88617e-06
10.4425 2.88617e-06
10.4475 2.88617e-06
10.4525 8.65851e-06
10.4625 5.77234e-06
10.4675 2.88617e-06
10.4875 2.88617e-06
10.4975 2.88617e-06
10.5025 2.88617e-06
10.5075 2.88617e-06
10.5125 2.88617e-06
10.5225 2.88617e-06
10.5325 5.77234e-06
10.5375 2.88617e-06
10.5425 5.77234e-06
10.5475 5.77234e-06
10.5525 2.88617e-06
10.5625 5.77234e-06
10.5675 2.88617e-06
10.5975 2.88617e-06
10.6075 2.88617e-06
10.6275 5.77234e-06
10.6325 5.77234e-06
10.6425 2.88617e-06
10.6475 2.88617e-06
10.6525 5.77234e-06
10.6725 2.88617e-06
10.6775 2.88617e-06
10.6875 2.88617e-06
10.6925 2.88617e-06
10.7075 2.88617e-06
10.7225 2.88617e-06
10.7275 2.88617e-06
10.7325 2.88617e-06
10.7425 2.88617e-06
10.7525 8.65851e-06
10.7625 2.88617e-06
10.7675 2.88617e-06
10.7825 2.88617e-06
10.7875 2.88617e-06
10.7975 2.88617e-06
10.8175 8.65851e-06
10.8225 2.88617e-06
10.8275 8.65851e-06
10.8425 5.77234e-06
10.8475 2.88617e-06
10.8575 2.88617e-06
10.8825 2.88617e-06
10.8875 2.88617e-06
10.8925 2.88617e-06
10.9175 2.88617e-06
10.9225 2.88617e-06
10.9475 2.88617e-06
10.9525 2.88617e-06
10.9625 2.88617e-06
10.9725 5.77234e-06
10.9825 2.88617e-06
10.9875 5.77234e-06
10.9925 2.88617e-06
11.0025 2.88617e-06
11.0175 5.77234e-06
11.0225 8.65851e-06
11.0325 5.77234e-06
11.0375 2.88617e-06
11.0525 2.88617e-06
11.0575 2.88617e-06
11.0725 5.77234e-06
11.0775 5.77234e-06
11.0825 2.88617e-06
11.0925 2.88617e-06
11.1025 2.88617e-06
11.1225 8.65851e-06
11.1275 2.88617e-06
11.1475 5.77234e-06
11.1625 2.88617e-06
11.1675 5.77234e-06
11.1725 2.88617e-06
11.2375 2.88617e-06
11.2575 2.88617e-06
11.3025 2.88617e-06
11.3175 2.88617e-06
11.3375 2.88617e-06
11.3575 2.88617e-06
11.3625 2.88617e-06
11.3775 2.88617e-06
11.3875 2.88617e-06
11.3925 2.88617e-06
11.4125 2.88617e-06
11.4275 2.88617e-06
11.4325 2.88617e-06
11.4525 5.77234e-06
11.4875 2.88617e-06
11.4925 5.77234e-06
11.4975 2.88617e-06
11.5075 2.88617e-06
11.5225 2.88617e-06
11.5275 2.88617e-06
11.5425 5.77234e-06
11.5625 5.77234e-06
11.5775 8.65851e-06
11.5875 2.88617e-06
11.6275 5.77234e-06
11.6325 2.88617e-06
11.6375 2.88617e-06
11.6775 2.88617e-06
11.6825 2.88617e-06
11.7025 2.88617e-06
11.7125 2.88617e-06
11.7175 2.88617e-06
11.7475 2.88617e-06
11.7575 2.88617e-06
11.7775 5.77234e-06
11.8175 2.88617e-06
11.8275 2.88617e-06
11.8425 2.88617e-06
11.8525 2.88617e-06
11.8925 2.88617e-06
11.9375 2.88617e-06
11.9475 2.88617e-06
11.9575 2.88617e-06
11.9675 2.88617e-06
12.0125 2.88617e-06
12.0725 2.88617e-06
12.0825 2.88617e-06
12.1075 2.88617e-06
12.1475 2.88617e-06
12.1575 2.88617e-06
12.1675 2.88617e-06
12.1725 2.88617e-06
12.1775 2.88617e-06
12.2475 2.88617e-06
12.2625 2.88617e-06
12.2675 2.88617e-06
12.2875 5.77234e-06
12.3525 2.88617e-06
12.3675 2.88617e-06
12.4375 2.88617e-06
12.4425 2.88617e-06
12.4975 2.88617e-06
12.5075 2.88617e-06
12.6025 2.88617e-06
12.6425 2.88617e-06
12.7375 2.88617e-06
12.7675 2.88617e-06
12.8425 5.77234e-06
12.8625 5.77234e-06
12.8675 2.88617e-06
12.9375 2.88617e-06
13.0125 2.88617e-06
13.0425 2.88617e-06
13.0925 2.88617e-06
13.1275 2.88617e-06
13.1475 2.88617e-06
13.1575 2.88617e-06
13.1625 2.88617e-06
13.2125 2.88617e-06
13.2175 2.88617e-06
13.2525 2.88617e-06
13.2675 2.88617e-06
13.3925 5.77234e-06
13.4125 2.88617e-06
13.4725 2.88617e-06
13.4825 2.88617e-06
13.5625 2.88617e-06
13.6025 2.88617e-06
13.6375 2.88617e-06
13.8775 2.88617e-06
13.9025 2.88617e-06
14.1575 2.88617e-06
14.2925 2.88617e-06
14.4425 2.88617e-06
14.5875 2.88617e-06
14.6375 2.88617e-06
14.6625 2.88617e-06
14.6675 2.88617e-06
14.6925 2.88617e-06
14.8975 2.88617e-06
14.9425 2.88617e-06
15.4825 2.88617e-06
