0.0025 7.31062e-06
0.0175 4.87375e-06
0.0225 2.43687e-06
0.0275 2.43687e-06
0.0325 2.43687e-06
0.0375 4.87375e-06
0.0425 4.87375e-06
0.0475 7.31062e-06
0.0525 2.43687e-06
0.0575 7.31062e-06
0.0625 7.31062e-06
0.0675 4.87375e-06
0.0725 9.74749e-06
0.0775 7.31062e-06
0.0825 4.87375e-06
0.0875 4.87375e-06
0.0925 9.74749e-06
0.0975 9.74749e-06
0.1025 1.46212e-05
0.1075 9.74749e-06
0.1125 1.70581e-05
0.1175 1.46212e-05
0.1225 9.74749e-06
0.1275 1.21844e-05
0.1325 1.46212e-05
0.1375 7.31062e-06
0.1425 1.21844e-05
0.1475 1.21844e-05
0.1525 1.70581e-05
0.1575 1.21844e-05
0.1625 9.74749e-06
0.1675 1.21844e-05
0.1725 1.70581e-05
0.1775 7.31062e-06
0.1825 1.21844e-05
0.1875 1.9495e-05
0.1925 9.74749e-06
0.1975 1.70581e-05
0.2025 1.70581e-05
0.2075 9.74749e-06
0.2125 1.70581e-05
0.2175 1.46212e-05
0.2225 2.68056e-05
0.2275 1.46212e-05
0.2325 1.9495e-05
0.2375 2.68056e-05
0.2425 1.70581e-05
0.2475 4.14268e-05
0.2525 1.9495e-05
0.2575 1.21844e-05
0.2625 4.87375e-06
0.2675 7.31062e-06
0.2725 2.43687e-05
0.2775 1.21844e-05
0.2825 1.46212e-05
0.2875 2.92425e-05
0.2925 1.46212e-05
0.2975 7.31062e-06
0.3025 2.19319e-05
0.3075 9.74749e-06
0.3125 1.9495e-05
0.3175 9.74749e-06
0.3225 1.9495e-05
0.3275 1.21844e-05
0.3325 2.43687e-05
0.3375 1.21844e-05
0.3425 1.21844e-05
0.3475 9.74749e-06
0.3525 9.74749e-06
0.3575 9.74749e-06
0.3625 1.21844e-05
0.3675 1.46212e-05
0.3725 1.70581e-05
0.3775 4.87375e-06
0.3825 1.9495e-05
0.3875 1.21844e-05
0.3925 2.43687e-05
0.3975 9.74749e-06
0.4025 7.31062e-06
0.4075 1.70581e-05
0.4125 1.46212e-05
0.4175 1.21844e-05
0.4225 7.31062e-06
0.4275 9.74749e-06
0.4325 1.70581e-05
0.4375 1.70581e-05
0.4425 2.43687e-06
0.4475 7.31062e-06
0.4525 7.31062e-06
0.4575 1.21844e-05
0.4625 2.43687e-06
0.4675 1.21844e-05
0.4725 9.74749e-06
0.4775 2.43687e-06
0.4825 1.46212e-05
0.4875 1.21844e-05
0.4925 2.19319e-05
0.4975 1.21844e-05
0.5025 1.46212e-05
0.5075 1.9495e-05
0.5125 0.000385026
0.5175 1.46212e-05
0.5225 4.87375e-06
0.5275 1.21844e-05
0.5325 9.74749e-06
0.5375 7.31062e-06
0.5425 1.21844e-05
0.5475 1.9495e-05
0.5525 7.31062e-06
0.5575 9.74749e-06
0.5625 7.31062e-06
0.5675 4.87375e-06
0.5725 1.21844e-05
0.5775 9.74749e-06
0.5825 1.46212e-05
0.5875 7.31062e-06
0.5925 1.70581e-05
0.5975 1.46212e-05
0.6025 7.31062e-06
0.6075 1.21844e-05
0.6125 1.21844e-05
0.6175 4.87375e-06
0.6225 9.74749e-06
0.6275 9.74749e-06
0.6325 1.46212e-05
0.6375 7.31062e-06
0.6425 7.31062e-06
0.6475 2.43687e-06
0.6525 9.74749e-06
0.6575 1.9495e-05
0.6625 1.21844e-05
0.6675 4.87375e-06
0.6725 2.43687e-06
0.6775 1.21844e-05
0.6825 7.31062e-06
0.6875 2.43687e-06
0.6925 9.74749e-06
0.6975 1.46212e-05
0.7025 1.46212e-05
0.7075 2.43687e-06
0.7125 4.87375e-06
0.7175 7.31062e-06
0.7225 4.87375e-06
0.7275 1.21844e-05
0.7325 4.87375e-06
0.7375 7.31062e-06
0.7425 4.87375e-06
0.7475 1.70581e-05
0.7525 2.43687e-06
0.7575 7.31062e-06
0.7625 1.21844e-05
0.7675 9.74749e-06
0.7725 7.31062e-06
0.7775 9.74749e-06
0.7825 4.87375e-06
0.7875 1.21844e-05
0.7925 9.74749e-06
0.7975 9.74749e-06
0.8025 1.21844e-05
0.8075 7.31062e-06
0.8125 9.74749e-06
0.8175 7.31062e-06
0.8225 7.31062e-06
0.8275 7.31062e-06
0.8325 2.43687e-06
0.8375 7.31062e-06
0.8425 7.31062e-06
0.8475 7.31062e-06
0.8525 4.87375e-06
0.8575 7.31062e-06
0.8625 2.43687e-06
0.8675 7.31062e-06
0.8725 7.31062e-06
0.8775 7.31062e-06
0.8825 1.70581e-05
0.8875 9.74749e-06
0.8925 9.74749e-06
0.8975 2.43687e-06
0.9025 7.31062e-06
0.9075 9.74749e-06
0.9125 9.74749e-06
0.9175 4.87375e-06
0.9225 7.31062e-06
0.9275 1.46212e-05
0.9325 7.31062e-06
0.9375 4.87375e-06
0.9425 7.31062e-06
0.9475 1.70581e-05
0.9525 4.87375e-06
0.9575 7.31062e-06
0.9625 2.43687e-06
0.9675 4.87375e-06
0.9725 4.87375e-06
0.9775 1.21844e-05
0.9825 2.43687e-06
0.9875 4.87375e-06
0.9925 1.70581e-05
1.0025 7.31062e-06
1.0075 1.46212e-05
1.0125 7.31062e-06
1.0175 1.21844e-05
1.0225 7.06693e-05
1.0275 7.31062e-06
1.0375 2.43687e-06
1.0425 7.31062e-06
1.0475 7.31062e-06
1.0525 4.87375e-06
1.0575 2.43687e-06
1.0625 9.74749e-06
1.0675 9.74749e-06
1.0725 1.21844e-05
1.0775 9.74749e-06
1.0825 1.46212e-05
1.0875 7.31062e-06
1.0925 4.87375e-06
1.0975 9.74749e-06
1.1025 4.87375e-06
1.1075 4.87375e-06
1.1125 2.43687e-06
1.1175 7.31062e-06
1.1225 7.31062e-06
1.1275 2.43687e-06
1.1325 2.43687e-06
1.1375 7.31062e-06
1.1425 4.87375e-06
1.1475 2.43687e-06
1.1525 2.43687e-06
1.1575 7.31062e-06
1.1625 7.31062e-06
1.1675 4.87375e-06
1.1725 9.74749e-06
1.1775 4.87375e-06
1.1825 9.74749e-06
1.1875 4.87375e-06
1.1925 1.21844e-05
1.1975 4.87375e-06
1.2025 4.87375e-06
1.2075 2.43687e-06
1.2125 9.74749e-06
1.2175 2.43687e-06
1.2225 1.21844e-05
1.2325 2.43687e-06
1.2375 1.46212e-05
1.2425 7.31062e-06
1.2475 1.21844e-05
1.2575 7.31062e-06
1.2625 2.43687e-06
1.2675 7.31062e-06
1.2725 4.87375e-06
1.2775 2.43687e-06
1.2825 7.31062e-06
1.2875 4.87375e-06
1.2925 2.43687e-06
1.2975 4.87375e-06
1.3025 7.31062e-06
1.3075 2.43687e-06
1.3125 4.87375e-06
1.3175 4.87375e-06
1.3275 9.74749e-06
1.3325 2.43687e-06
1.3375 4.87375e-06
1.3425 7.31062e-06
1.3475 7.31062e-06
1.3525 9.74749e-06
1.3575 7.31062e-06
1.3625 7.31062e-06
1.3675 7.31062e-06
1.3725 9.74749e-06
1.3825 2.43687e-06
1.3875 1.21844e-05
1.3925 2.43687e-06
1.3975 4.87375e-06
1.4025 4.87375e-06
1.4075 2.43687e-06
1.4125 2.43687e-06
1.4175 9.74749e-06
1.4225 2.43687e-06
1.4275 7.31062e-06
1.4325 2.43687e-06
1.4375 2.43687e-06
1.4425 4.87375e-06
1.4475 2.43687e-06
1.4525 2.43687e-06
1.4575 7.31062e-06
1.4625 9.74749e-06
1.4675 2.43687e-06
1.4725 7.31062e-06
1.4775 4.87375e-06
1.4825 2.43687e-06
1.4875 4.87375e-06
1.4925 2.43687e-06
1.4975 2.43687e-06
1.5025 9.74749e-06
1.5075 4.87375e-06
1.5125 9.74749e-06
1.5175 4.87375e-06
1.5225 4.87375e-06
1.5275 4.87375e-06
1.5325 4.87375e-06
1.5375 2.43687e-06
1.5425 1.21844e-05
1.5475 7.31062e-06
1.5525 7.31062e-06
1.5575 4.87375e-06
1.5625 4.87375e-06
1.5675 2.43687e-06
1.5725 1.46212e-05
1.5775 2.43687e-06
1.5825 2.43687e-06
1.5875 7.31062e-06
1.5925 2.43687e-06
1.5975 7.31062e-06
1.6025 2.43687e-06
1.6075 7.31062e-06
1.6125 4.87375e-06
1.6175 9.74749e-06
1.6225 2.43687e-06
1.6275 4.87375e-06
1.6325 9.74749e-06
1.6375 7.31062e-06
1.6425 2.43687e-06
1.6475 9.74749e-06
1.6525 7.31062e-06
1.6575 2.43687e-06
1.6625 9.74749e-06
1.6675 2.43687e-06
1.6725 2.43687e-06
1.6775 9.74749e-06
1.6825 9.74749e-06
1.6925 7.31062e-06
1.6975 2.43687e-06
1.7025 4.87375e-06
1.7075 9.74749e-06
1.7125 7.31062e-06
1.7175 2.43687e-06
1.7225 9.74749e-06
1.7275 2.43687e-06
1.7325 1.70581e-05
1.7375 2.43687e-06
1.7425 1.46212e-05
1.7475 4.87375e-06
1.7525 4.87375e-06
1.7575 7.31062e-06
1.7625 7.31062e-06
1.7725 4.87375e-06
1.7825 2.43687e-06
1.7925 4.87375e-06
1.8025 2.43687e-06
1.8075 4.87375e-06
1.8125 7.31062e-06
1.8175 1.21844e-05
1.8225 1.21844e-05
1.8325 7.31062e-06
1.8375 2.43687e-06
1.8425 4.87375e-06
1.8475 2.43687e-06
1.8525 4.87375e-06
1.8575 4.87375e-06
1.8625 4.87375e-06
1.8675 1.21844e-05
1.8725 2.43687e-06
1.8775 4.87375e-06
1.8825 9.74749e-06
1.8875 2.43687e-06
1.8925 2.43687e-06
1.8975 7.31062e-06
1.9025 4.87375e-06
1.9125 9.74749e-06
1.9175 4.87375e-06
1.9225 7.31062e-06
1.9275 2.43687e-06
1.9325 7.31062e-06
1.9375 9.74749e-06
1.9425 4.87375e-06
1.9475 2.43687e-06
1.9525 7.31062e-06
1.9575 4.87375e-06
1.9625 7.31062e-06
1.9725 7.31062e-06
1.9775 2.43687e-06
1.9875 4.87375e-06
1.9925 4.87375e-06
1.9975 2.43687e-06
2.0025 4.87375e-06
2.0075 9.74749e-06
2.0125 1.46212e-05
2.0225 9.74749e-06
2.0275 7.31062e-06
2.0325 7.31062e-06
2.0375 2.43687e-06
2.0425 1.21844e-05
2.0475 7.31062e-06
2.0525 2.43687e-06
2.0625 2.43687e-06
2.0675 2.43687e-06
2.0775 1.21844e-05
2.0825 4.87375e-06
2.0925 2.43687e-06
2.0975 2.43687e-06
2.1025 4.87375e-06
2.1125 4.87375e-06
2.1175 7.31062e-06
2.1225 2.43687e-06
2.1275 7.31062e-06
2.1325 2.43687e-06
2.1375 7.31062e-06
2.1425 7.31062e-06
2.1475 7.31062e-06
2.1525 4.87375e-06
2.1575 1.70581e-05
2.1625 7.31062e-06
2.1675 9.74749e-06
2.1725 4.87375e-06
2.1775 4.87375e-06
2.1825 4.87375e-06
2.1875 4.87375e-06
2.1925 7.31062e-06
2.1975 2.43687e-06
2.2025 4.87375e-06
2.2075 7.31062e-06
2.2125 7.31062e-06
2.2175 1.46212e-05
2.2225 4.87375e-06
2.2275 4.87375e-06
2.2375 2.43687e-06
2.2475 2.43687e-06
2.2525 7.31062e-06
2.2575 2.43687e-06
2.2625 7.31062e-06
2.2675 9.74749e-06
2.2725 9.74749e-06
2.2775 2.43687e-06
2.2825 7.31062e-06
2.2875 7.31062e-06
2.2925 7.31062e-06
2.2975 7.31062e-06
2.3025 7.31062e-06
2.3075 7.31062e-06
2.3175 7.31062e-06
2.3225 4.87375e-06
2.3275 2.43687e-06
2.3325 7.31062e-06
2.3375 2.43687e-06
2.3425 4.87375e-06
2.3525 2.43687e-06
2.3575 9.74749e-06
2.3625 1.21844e-05
2.3675 9.74749e-06
2.3725 1.21844e-05
2.3825 1.21844e-05
2.3875 1.21844e-05
2.3975 7.31062e-06
2.4025 2.43687e-06
2.4075 4.87375e-06
2.4125 2.43687e-06
2.4175 7.31062e-06
2.4225 1.21844e-05
2.4275 4.87375e-06
2.4325 9.74749e-06
2.4375 4.87375e-06
2.4425 7.31062e-06
2.4475 1.21844e-05
2.4525 9.74749e-06
2.4575 4.87375e-06
2.4625 7.31062e-06
2.4675 2.43687e-06
2.4725 4.87375e-06
2.4775 7.31062e-06
2.4825 2.43687e-06
2.4875 7.31062e-06
2.4925 2.43687e-06
2.4975 2.43687e-06
2.5025 2.43687e-06
2.5075 7.31062e-06
2.5125 1.21844e-05
2.5175 1.46212e-05
2.5225 7.31062e-06
2.5275 4.87375e-06
2.5325 2.43687e-06
2.5425 9.74749e-06
2.5475 7.31062e-06
2.5525 2.43687e-06
2.5575 2.43687e-06
2.5675 4.87375e-06
2.5725 2.43687e-06
2.5775 7.31062e-06
2.5825 4.87375e-06
2.5875 2.43687e-06
2.5925 2.43687e-06
2.5975 2.43687e-06
2.6025 1.21844e-05
2.6075 4.87375e-06
2.6125 2.43687e-06
2.6175 7.31062e-06
2.6225 4.87375e-06
2.6275 4.87375e-06
2.6325 2.43687e-06
2.6375 9.74749e-06
2.6425 2.43687e-06
2.6525 9.74749e-06
2.6575 1.46212e-05
2.6625 2.43687e-06
2.6675 4.87375e-06
2.6725 2.43687e-06
2.6775 4.87375e-06
2.6875 2.43687e-06
2.6925 1.21844e-05
2.6975 4.87375e-06
2.7025 9.74749e-06
2.7075 4.87375e-06
2.7125 7.31062e-06
2.7175 4.87375e-06
2.7225 2.43687e-06
2.7275 1.21844e-05
2.7325 1.21844e-05
2.7375 4.87375e-06
2.7425 1.21844e-05
2.7475 7.31062e-06
2.7525 2.43687e-06
2.7575 7.31062e-06
2.7625 4.87375e-06
2.7675 4.87375e-06
2.7725 1.21844e-05
2.7775 9.74749e-06
2.7825 9.74749e-06
2.7875 9.74749e-06
2.7925 2.43687e-06
2.7975 7.31062e-06
2.8025 9.74749e-06
2.8075 7.31062e-06
2.8125 4.87375e-06
2.8175 4.87375e-06
2.8225 2.43687e-06
2.8325 4.87375e-06
2.8375 4.87375e-06
2.8425 9.74749e-06
2.8475 7.31062e-06
2.8525 4.87375e-06
2.8575 4.87375e-06
2.8625 7.31062e-06
2.8675 2.43687e-06
2.8725 9.74749e-06
2.8775 7.31062e-06
2.8825 4.87375e-06
2.8875 1.46212e-05
2.8925 9.74749e-06
2.8975 4.87375e-06
2.9025 4.87375e-06
2.9075 2.43687e-06
2.9125 2.43687e-06
2.9175 7.31062e-06
2.9225 4.87375e-06
2.9275 7.31062e-06
2.9325 2.43687e-06
2.9375 7.31062e-06
2.9425 9.74749e-06
2.9475 9.74749e-06
2.9525 4.87375e-06
2.9575 2.43687e-06
2.9625 7.31062e-06
2.9675 4.87375e-06
2.9775 7.31062e-06
2.9825 9.74749e-06
2.9875 4.87375e-06
2.9925 2.43687e-06
2.9975 4.87375e-06
3.0025 9.74749e-06
3.0075 9.74749e-06
3.0125 4.87375e-06
3.0175 7.31062e-06
3.0225 7.31062e-06
3.0275 7.31062e-06
3.0325 1.21844e-05
3.0375 2.43687e-06
3.0425 4.87375e-06
3.0475 4.87375e-06
3.0525 4.87375e-06
3.0575 4.87375e-06
3.0625 7.31062e-06
3.0675 2.43687e-06
3.0725 1.21844e-05
3.0775 2.43687e-06
3.0825 9.74749e-06
3.0875 4.87375e-06
3.0925 7.31062e-06
3.0975 2.43687e-06
3.1025 2.43687e-06
3.1075 4.87375e-06
3.1125 1.21844e-05
3.1175 1.21844e-05
3.1225 4.87375e-06
3.1275 1.46212e-05
3.1325 4.87375e-06
3.1375 4.87375e-06
3.1425 7.31062e-06
3.1475 9.74749e-06
3.1525 4.87375e-06
3.1575 4.87375e-06
3.1625 1.21844e-05
3.1725 9.74749e-06
3.1775 4.87375e-06
3.1825 7.31062e-06
3.1875 9.74749e-06
3.1925 2.43687e-06
3.1975 7.31062e-06
3.2025 2.43687e-06
3.2075 4.87375e-06
3.2125 4.87375e-06
3.2175 4.87375e-06
3.2225 1.9495e-05
3.2275 2.43687e-06
3.2325 1.21844e-05
3.2375 2.43687e-06
3.2425 4.87375e-06
3.2475 2.43687e-06
3.2525 2.43687e-06
3.2575 1.21844e-05
3.2625 7.31062e-06
3.2675 9.74749e-06
3.2725 7.31062e-06
3.2775 4.87375e-06
3.2825 7.31062e-06
3.2875 2.43687e-06
3.2925 4.87375e-06
3.2975 7.31062e-06
3.3025 7.31062e-06
3.3075 9.74749e-06
3.3125 2.43687e-06
3.3175 4.87375e-06
3.3225 4.87375e-06
3.3275 4.87375e-06
3.3325 2.43687e-06
3.3375 2.43687e-06
3.3425 7.31062e-06
3.3475 9.74749e-06
3.3525 1.21844e-05
3.3575 7.31062e-06
3.3625 7.31062e-06
3.3675 2.43687e-06
3.3725 9.74749e-06
3.3775 4.87375e-06
3.3825 7.31062e-06
3.3875 1.21844e-05
3.3925 2.43687e-06
3.3975 9.74749e-06
3.4025 4.87375e-06
3.4075 7.31062e-06
3.4125 4.87375e-06
3.4175 1.21844e-05
3.4225 9.74749e-06
3.4275 9.74749e-06
3.4325 1.21844e-05
3.4375 2.43687e-06
3.4425 4.87375e-06
3.4475 4.87375e-06
3.4525 4.87375e-06
3.4575 4.87375e-06
3.4675 7.31062e-06
3.4725 7.31062e-06
3.4775 9.74749e-06
3.4825 7.31062e-06
3.4875 4.87375e-06
3.4925 7.31062e-06
3.4975 4.87375e-06
3.5075 4.87375e-06
3.5125 7.31062e-06
3.5175 4.87375e-06
3.5225 7.31062e-06
3.5275 1.46212e-05
3.5325 9.74749e-06
3.5375 7.31062e-06
3.5425 9.74749e-06
3.5475 7.31062e-06
3.5525 4.87375e-06
3.5575 1.70581e-05
3.5625 9.74749e-06
3.5675 7.31062e-06
3.5725 4.87375e-06
3.5775 4.87375e-06
3.5825 7.31062e-06
3.5875 7.31062e-06
3.5925 7.31062e-06
3.5975 7.31062e-06
3.6025 2.43687e-06
3.6075 2.43687e-06
3.6125 9.74749e-06
3.6175 4.87375e-06
3.6225 1.46212e-05
3.6275 7.31062e-06
3.6325 7.31062e-06
3.6375 1.46212e-05
3.6425 9.74749e-06
3.6475 4.87375e-06
3.6525 1.21844e-05
3.6575 9.74749e-06
3.6625 7.31062e-06
3.6675 4.87375e-06
3.6725 4.87375e-06
3.6775 2.43687e-06
3.6825 4.87375e-06
3.6875 9.74749e-06
3.6925 2.43687e-06
3.7025 4.87375e-06
3.7075 7.31062e-06
3.7125 1.70581e-05
3.7175 2.43687e-06
3.7225 9.74749e-06
3.7275 9.74749e-06
3.7325 4.87375e-06
3.7375 1.21844e-05
3.7425 7.31062e-06
3.7475 1.21844e-05
3.7525 4.87375e-06
3.7575 7.31062e-06
3.7625 2.43687e-06
3.7675 1.21844e-05
3.7775 9.74749e-06
3.7825 1.21844e-05
3.7875 1.21844e-05
3.7925 2.43687e-06
3.7975 9.74749e-06
3.8025 9.74749e-06
3.8075 9.74749e-06
3.8125 4.87375e-06
3.8175 9.74749e-06
3.8225 2.43687e-06
3.8275 2.43687e-06
3.8325 2.43687e-06
3.8375 9.74749e-06
3.8425 4.87375e-06
3.8475 4.87375e-06
3.8525 2.43687e-06
3.8575 1.70581e-05
3.8625 9.74749e-06
3.8675 9.74749e-06
3.8725 1.21844e-05
3.8775 1.46212e-05
3.8825 1.70581e-05
3.8875 1.46212e-05
3.8925 9.74749e-06
3.8975 2.43687e-06
3.9025 4.87375e-06
3.9075 1.46212e-05
3.9125 9.74749e-06
3.9175 9.74749e-06
3.9225 1.46212e-05
3.9275 4.87375e-06
3.9325 7.31062e-06
3.9375 4.87375e-06
3.9425 1.46212e-05
3.9475 2.43687e-06
3.9525 7.31062e-06
3.9575 1.21844e-05
3.9625 4.87375e-06
3.9725 4.87375e-06
3.9775 7.31062e-06
3.9825 7.31062e-06
3.9875 1.21844e-05
3.9925 2.43687e-06
3.9975 1.21844e-05
4.0075 2.43687e-06
4.0125 4.87375e-06
4.0175 1.21844e-05
4.0225 1.46212e-05
4.0275 7.31062e-06
4.0325 7.31062e-06
4.0375 2.43687e-06
4.0475 7.31062e-06
4.0525 1.70581e-05
4.0575 4.87375e-06
4.0625 4.87375e-06
4.0675 7.31062e-06
4.0725 7.31062e-06
4.0775 7.31062e-06
4.0825 1.21844e-05
4.0875 4.87375e-06
4.0925 9.74749e-06
4.0975 1.21844e-05
4.1025 2.43687e-06
4.1075 7.31062e-06
4.1125 1.70581e-05
4.1175 7.31062e-06
4.1225 7.31062e-06
4.1275 7.31062e-06
4.1325 7.31062e-06
4.1375 1.46212e-05
4.1425 9.74749e-06
4.1475 4.87375e-06
4.1525 9.74749e-06
4.1575 4.87375e-06
4.1625 4.87375e-06
4.1675 4.87375e-06
4.1725 7.31062e-06
4.1775 4.87375e-06
4.1825 9.74749e-06
4.1875 9.74749e-06
4.1925 2.43687e-06
4.1975 2.43687e-06
4.2025 9.74749e-06
4.2075 9.74749e-06
4.2125 4.87375e-06
4.2175 4.87375e-06
4.2225 9.74749e-06
4.2275 4.87375e-06
4.2325 9.74749e-06
4.2375 2.43687e-06
4.2425 7.31062e-06
4.2475 9.74749e-06
4.2525 7.31062e-06
4.2575 4.87375e-06
4.2625 4.87375e-06
4.2675 1.21844e-05
4.2725 2.43687e-06
4.2775 7.31062e-06
4.2825 1.21844e-05
4.2875 1.21844e-05
4.2925 1.21844e-05
4.2975 9.74749e-06
4.3025 1.46212e-05
4.3075 2.43687e-06
4.3125 1.21844e-05
4.3175 9.74749e-06
4.3225 7.31062e-06
4.3275 9.74749e-06
4.3325 7.31062e-06
4.3375 7.31062e-06
4.3425 1.21844e-05
4.3475 4.87375e-06
4.3525 1.21844e-05
4.3575 4.87375e-06
4.3625 7.31062e-06
4.3675 7.31062e-06
4.3725 4.87375e-06
4.3775 1.70581e-05
4.3825 9.74749e-06
4.3875 1.70581e-05
4.3925 9.74749e-06
4.3975 1.21844e-05
4.4025 2.43687e-06
4.4075 7.31062e-06
4.4125 2.43687e-06
4.4175 1.21844e-05
4.4225 9.74749e-06
4.4275 9.74749e-06
4.4325 1.46212e-05
4.4375 7.31062e-06
4.4425 7.31062e-06
4.4475 9.74749e-06
4.4525 1.70581e-05
4.4575 9.74749e-06
4.4625 1.21844e-05
4.4675 1.70581e-05
4.4725 7.31062e-06
4.4775 1.70581e-05
4.4825 2.43687e-05
4.4875 7.31062e-06
4.4925 4.87375e-06
4.4975 2.92425e-05
4.5025 1.9495e-05
4.5075 1.70581e-05
4.5125 9.74749e-06
4.5175 7.31062e-06
4.5225 9.74749e-06
4.5275 4.87375e-06
4.5325 1.21844e-05
4.5375 4.87375e-06
4.5425 4.87375e-06
4.5525 7.31062e-06
4.5575 2.43687e-06
4.5625 1.21844e-05
4.5675 1.46212e-05
4.5725 1.70581e-05
4.5775 1.46212e-05
4.5825 7.31062e-06
4.5875 1.70581e-05
4.5925 9.74749e-06
4.5975 1.21844e-05
4.6025 4.87375e-06
4.6075 1.70581e-05
4.6125 9.74749e-06
4.6175 9.74749e-06
4.6225 4.87375e-06
4.6275 9.74749e-06
4.6325 1.21844e-05
4.6375 7.31062e-06
4.6425 1.21844e-05
4.6475 9.74749e-06
4.6525 1.21844e-05
4.6575 9.74749e-06
4.6625 4.87375e-06
4.6675 1.21844e-05
4.6725 4.87375e-06
4.6775 7.31062e-06
4.6875 2.43687e-06
4.6925 2.43687e-05
4.6975 7.31062e-06
4.7025 7.31062e-06
4.7075 7.31062e-06
4.7125 1.70581e-05
4.7175 1.9495e-05
4.7225 2.43687e-05
4.7275 2.92425e-05
4.7325 9.74749e-06
4.7375 2.19319e-05
4.7425 1.9495e-05
4.7475 1.9495e-05
4.7525 1.70581e-05
4.7575 1.21844e-05
4.7625 4.38637e-05
4.7675 2.19319e-05
4.7725 2.19319e-05
4.7775 1.70581e-05
4.7825 4.38637e-05
4.7875 1.46212e-05
4.7925 3.899e-05
4.7975 3.65531e-05
4.8025 2.92425e-05
4.8075 3.65531e-05
4.8125 2.68056e-05
4.8175 3.41162e-05
4.8225 3.65531e-05
4.8275 3.65531e-05
4.8325 4.63006e-05
4.8375 4.14268e-05
4.8425 4.63006e-05
4.8475 5.36112e-05
4.8525 4.87375e-05
4.8575 4.87375e-05
4.8625 5.36112e-05
4.8675 7.55431e-05
4.8725 6.09218e-05
4.8775 6.09218e-05
4.8825 8.28537e-05
4.8875 9.01643e-05
4.8925 9.5038e-05
4.8975 7.79799e-05
4.9025 8.52905e-05
4.9075 9.26012e-05
4.9125 0.000124281
4.9175 0.000121844
4.9225 0.000126717
4.9275 0.000136465
4.9325 0.000165707
4.9375 0.000197387
4.9425 0.000138902
4.9475 0.000199824
4.9525 0.000246124
4.9575 0.000219319
4.9625 0.000248561
4.9675 0.000236377
4.9725 0.000236377
4.9775 0.000316793
4.9825 0.000314357
4.9875 0.000399647
4.9925 0.000377715
4.9975 0.000411832
5.0025 0.000370405
5.0075 0.000543423
5.0125 0.000523928
5.0175 0.000562918
5.0225 0.000601908
5.0275 0.000555607
5.0325 0.000687198
5.0375 0.000777362
5.0425 0.000755431
5.0475 0.000940633
5.0525 0.000921138
5.0575 0.000916264
5.0625 0.000935759
5.0675 0.00117701
5.0725 0.00124281
5.0775 0.00128667
5.0825 0.00136221
5.0875 0.00150842
5.0925 0.00158397
5.0975 0.00182278
5.1025 0.0017643
5.1075 0.00199093
5.1125 0.00209327
5.1175 0.00226142
5.1225 0.00238082
5.1275 0.00242469
5.1325 0.00281702
5.1375 0.00307046
5.1425 0.00303878
5.1475 0.00327516
5.1525 0.00362119
5.1575 0.00370405
5.1625 0.00549759
5.1675 0.00548784
5.1725 0.00564136
5.1775 0.00535137
5.1825 0.00553658
5.1875 0.00542692
5.1925 0.00539524
5.1975 0.00556582
5.2025 0.00561212
5.2075 0.00572665
5.2125 0.00836822
5.2175 0.00922356
5.2225 0.00908954
5.2275 0.00915533
5.2325 0.00887753
5.2375 0.00927474
5.2425 0.0108538
5.2475 0.0124183
5.2525 0.012718
5.2575 0.0124427
5.2625 0.0123428
5.2675 0.0157519
5.2725 0.0157982
5.2775 0.0158957
5.2825 0.0171653
5.2875 0.0191441
5.2925 0.0193341
5.2975 0.0205648
5.3025 0.022736
5.3075 0.0224875
5.3125 0.0246733
5.3175 0.0257212
5.3225 0.0272321
5.3275 0.028219
5.3325 0.0292425
5.3375 0.0310458
5.3425 0.0331342
5.3475 0.0343355
5.3525 0.0376814
5.3575 0.0382053
5.3625 0.0406885
5.3675 0.0427988
5.3725 0.0448555
5.3775 0.046576
5.3825 0.0492053
5.3875 0.0515252
5.3925 0.054737
5.3975 0.0571666
5.4025 0.0605636
5.4075 0.0629639
5.4125 0.0653642
5.4175 0.0691121
5.4225 0.0714028
5.4275 0.0746633
5.4325 0.0784332
5.4375 0.0819496
5.4425 0.08589
5.4475 0.0889142
5.4525 0.0935101
5.4575 0.0967755
5.4625 0.101179
5.4675 0.106067
5.4725 0.110239
5.4775 0.114791
5.4825 0.119541
5.4875 0.124434
5.4925 0.129186
5.4975 0.135402
5.5025 0.140508
5.5075 0.144134
5.5125 0.151639
5.5175 0.157117
5.5225 0.163936
5.5275 0.168858
5.5325 0.176568
5.5375 0.181442
5.5425 0.188392
5.5475 0.19446
5.5525 0.201286
5.5575 0.211394
5.5625 0.217852
5.5675 0.224504
5.5725 0.231518
5.5775 0.239535
5.5825 0.249229
5.5875 0.256764
5.5925 0.264242
5.5975 0.272842
5.6025 0.281135
5.6075 0.292771
5.6125 0.298646
5.6175 0.308216
5.6225 0.318129
5.6275 0.327745
5.6325 0.33776
5.6375 0.346375
5.6425 0.358003
5.6475 0.368972
5.6525 0.378707
5.6575 0.389042
5.6625 0.399674
5.6675 0.410584
5.6725 0.4198
5.6775 0.431546
5.6825 0.443523
5.6875 0.454228
5.6925 0.465703
5.6975 0.475307
5.7025 0.487638
5.7075 0.499927
5.7125 0.510647
5.7175 0.522595
5.7225 0.534567
5.7275 0.546422
5.7325 0.558232
5.7375 0.567389
5.7425 0.581835
5.7475 0.593812
5.7525 0.605302
5.7575 0.615893
5.7625 0.628691
5.7675 0.639516
5.7725 0.65375
5.7775 0.667004
5.7825 0.676907
5.7875 0.686993
5.7925 0.700443
5.7975 0.711967
5.8025 0.722572
5.8075 0.732541
5.8125 0.745464
5.8175 0.754804
5.8225 0.765436
5.8275 0.776934
5.8325 0.789059
5.8375 0.798095
5.8425 0.809108
5.8475 0.819433
5.8525 0.830048
5.8575 0.838584
5.8625 0.849175
5.8675 0.858915
5.8725 0.867785
5.8775 0.876141
5.8825 0.881736
5.8875 0.891588
5.8925 0.902506
5.8975 0.906911
5.9025 0.919288
5.9075 0.923738
5.9125 0.929399
5.9175 0.939117
5.9225 0.941771
5.9275 0.94867
5.9325 0.954377
5.9375 0.958912
5.9425 0.963617
5.9475 0.969198
5.9525 0.975003
5.9575 0.979562
5.9625 0.982018
5.9675 0.988198
5.9725 0.989251
5.9775 0.99191
5.9825 0.991352
5.9875 0.994758
5.9925 0.996998
5.9975 0.997812
6.0025 0.996693
6.0075 0.999946
6.0125 0.99527
6.0175 1
6.0225 0.995567
6.0275 0.992899
6.0325 0.991849
6.0375 0.990845
6.0425 0.989244
6.0475 0.986951
6.0525 0.981394
6.0575 0.979689
6.0625 0.974978
6.0675 0.971701
6.0725 0.96361
6.0775 0.958122
6.0825 0.957635
6.0875 0.95019
6.0925 0.939951
6.0975 0.939383
6.1025 0.928161
6.1075 0.922768
6.1125 0.915116
6.1175 0.909804
6.1225 0.900724
6.1275 0.89095
6.1325 0.884178
6.1375 0.874062
6.1425 0.86605
6.1475 0.855913
6.1525 0.849686
6.1575 0.838296
6.1625 0.827077
6.1675 0.818526
6.1725 0.805374
6.1775 0.799236
6.1825 0.788613
6.1875 0.776293
6.1925 0.766336
6.1975 0.753181
6.2025 0.7436
6.2075 0.73237
6.2125 0.721495
6.2175 0.709968
6.2225 0.698074
6.2275 0.688646
6.2325 0.675314
6.2375 0.663312
6.2425 0.651749
6.2475 0.641136
6.2525 0.625133
6.2575 0.614384
6.2625 0.604308
6.2675 0.591658
6.2725 0.581297
6.2775 0.56793
6.2825 0.556918
6.2875 0.545316
6.2925 0.532215
6.2975 0.524408
6.3025 0.510681
6.3075 0.496642
6.3125 0.487221
6.3175 0.474384
6.3225 0.464054
6.3275 0.454289
6.3325 0.442283
6.3375 0.430812
6.3425 0.418777
6.3475 0.408537
6.3525 0.399291
6.3575 0.387972
6.3625 0.377323
6.3675 0.369357
6.3725 0.358479
6.3775 0.347062
6.3825 0.339076
6.3875 0.327116
6.3925 0.317788
6.3975 0.308281
6.4025 0.298953
6.4075 0.291777
6.4125 0.28111
6.4175 0.272784
6.4225 0.264756
6.4275 0.256715
6.4325 0.248183
6.4375 0.241155
6.4425 0.234154
6.4475 0.224012
6.4525 0.216029
6.4575 0.209927
6.4625 0.202867
6.4675 0.195654
6.4725 0.188205
6.4775 0.179895
6.4825 0.175387
6.4875 0.169253
6.4925 0.16127
6.4975 0.156369
6.5025 0.150277
6.5075 0.14495
6.5125 0.139046
6.5175 0.134842
6.5225 0.128991
6.5275 0.123316
6.5325 0.119095
6.5375 0.11474
6.5425 0.109869
6.5475 0.10498
6.5525 0.100202
6.5575 0.0973628
6.5625 0.0925939
6.5675 0.0886875
6.5725 0.085561
6.5775 0.0821908
6.5825 0.0780457
6.5875 0.0744806
6.5925 0.0713931
6.5975 0.0685687
6.6025 0.0651888
6.6075 0.0625034
6.6125 0.0589772
6.6175 0.0566817
6.6225 0.05414
6.6275 0.0514668
6.6325 0.0490518
6.6375 0.0461592
6.6425 0.0445655
6.6475 0.0432545
6.6525 0.0400768
6.6575 0.0380177
6.6625 0.0367943
6.6675 0.034338
6.6725 0.0331049
6.6775 0.0309556
6.6825 0.0300954
6.6875 0.0289062
6.6925 0.0260063
6.6975 0.0266326
6.7025 0.0236523
6.7075 0.0221999
6.7125 0.0223729
6.7175 0.0200287
6.7225 0.0187249
6.7275 0.019071
6.7325 0.0186616
6.7375 0.0146066
6.7425 0.0149112
6.7475 0.0148137
6.7525 0.0149429
6.7575 0.0132103
6.7625 0.0110366
6.7675 0.0109805
6.7725 0.0109976
6.7775 0.0109513
6.7825 0.0109269
6.7875 0.0103397
6.7925 0.00689391
6.7975 0.00670384
6.8025 0.00649914
6.8075 0.00688904
6.8125 0.00701576
6.8175 0.006543
6.8225 0.0065893
6.8275 0.00665266
6.8325 0.00668678
6.8375 0.00680131
6.8425 0.00459594
6.8475 0.00434738
6.8525 0.00417924
6.8575 0.00394286
6.8625 0.00358708
6.8675 0.00349204
6.8725 0.00307046
6.8775 0.00301197
6.8825 0.00264644
6.8875 0.00273173
6.8925 0.00244418
6.8975 0.00228579
6.9025 0.00212739
6.9075 0.00187639
6.9125 0.00177161
6.9175 0.00170094
6.9225 0.00162783
6.9275 0.00154985
6.9325 0.00129885
6.9375 0.00127692
6.9425 0.00115751
6.9475 0.00113802
6.9525 0.00104054
6.9575 0.000928449
6.9625 0.000979623
6.9675 0.000852905
6.9725 0.000750557
6.9775 0.000706693
6.9825 0.000689635
6.9875 0.000655519
6.9925 0.000565354
6.9975 0.000540986
7.0025 0.000460569
7.0075 0.000458132
7.0125 0.000453258
7.0175 0.000406958
7.0225 0.000333852
7.0275 0.00031192
7.0325 0.000375278
7.0375 0.00027293
7.0425 0.000270493
7.0475 0.000226629
7.0525 0.000212008
7.0575 0.000153523
7.0625 0.000180329
7.0675 0.000216882
7.0725 0.00019495
7.0775 0.000190076
7.0825 0.000168144
7.0875 0.000160834
7.0925 0.000126717
7.0975 0.000131591
7.1025 0.000114533
7.1075 0.000112096
7.1125 0.000109659
7.1175 5.36112e-05
7.1225 6.82324e-05
7.1275 7.55431e-05
7.1325 8.77274e-05
7.1375 8.52905e-05
7.1425 4.63006e-05
7.1475 4.87375e-05
7.1525 5.84849e-05
7.1575 5.36112e-05
7.1625 6.57956e-05
7.1675 4.38637e-05
7.1725 5.84849e-05
7.1775 3.899e-05
7.1825 2.19319e-05
7.1875 4.87375e-05
7.1925 1.46212e-05
7.1975 3.16793e-05
7.2025 2.68056e-05
7.2075 1.21844e-05
7.2125 3.41162e-05
7.2175 2.43687e-05
7.2225 2.43687e-05
7.2275 2.92425e-05
7.2325 3.16793e-05
7.2375 2.92425e-05
7.2425 2.68056e-05
7.2475 1.9495e-05
7.2525 3.16793e-05
7.2575 1.21844e-05
7.2625 9.74749e-06
7.2675 1.21844e-05
7.2725 1.46212e-05
7.2775 7.31062e-06
7.2825 2.19319e-05
7.2875 9.74749e-06
7.2925 9.74749e-06
7.2975 1.70581e-05
7.3025 2.19319e-05
7.3075 1.21844e-05
7.3125 9.74749e-06
7.3175 4.87375e-06
7.3225 1.21844e-05
7.3275 9.74749e-06
7.3325 2.43687e-05
7.3375 1.46212e-05
7.3425 1.21844e-05
7.3475 1.46212e-05
7.3525 1.70581e-05
7.3575 1.21844e-05
7.3625 7.31062e-06
7.3675 9.74749e-06
7.3725 9.74749e-06
7.3775 1.46212e-05
7.3825 1.21844e-05
7.3875 1.21844e-05
7.3925 9.74749e-06
7.3975 7.31062e-06
7.4025 1.21844e-05
7.4075 9.74749e-06
7.4125 9.74749e-06
7.4175 9.74749e-06
7.4225 1.46212e-05
7.4275 1.21844e-05
7.4325 1.46212e-05
7.4375 2.19319e-05
7.4425 1.46212e-05
7.4475 1.46212e-05
7.4525 1.46212e-05
7.4575 1.70581e-05
7.4625 2.43687e-05
7.4675 1.9495e-05
7.4725 1.21844e-05
7.4775 1.21844e-05
7.4825 1.46212e-05
7.4875 1.70581e-05
7.4925 1.21844e-05
7.4975 1.21844e-05
7.5025 7.31062e-06
7.5075 2.92425e-05
7.5125 2.19319e-05
7.5175 2.19319e-05
7.5225 1.21844e-05
7.5275 1.21844e-05
7.5325 4.87375e-06
7.5375 9.74749e-06
7.5425 1.21844e-05
7.5475 1.21844e-05
7.5525 1.9495e-05
7.5575 1.46212e-05
7.5625 1.46212e-05
7.5675 1.21844e-05
7.5725 4.87375e-06
7.5775 4.87375e-06
7.5825 1.46212e-05
7.5875 4.87375e-06
7.5925 9.74749e-06
7.5975 9.74749e-06
7.6025 7.31062e-06
7.6075 7.31062e-06
7.6125 1.21844e-05
7.6175 7.31062e-06
7.6225 9.74749e-06
7.6275 2.43687e-06
7.6325 1.21844e-05
7.6375 1.46212e-05
7.6425 1.21844e-05
7.6475 1.46212e-05
7.6525 9.74749e-06
7.6575 1.9495e-05
7.6625 9.74749e-06
7.6675 1.70581e-05
7.6725 1.46212e-05
7.6775 7.31062e-06
7.6825 7.31062e-06
7.6875 1.70581e-05
7.6925 7.31062e-06
7.6975 2.43687e-06
7.7025 1.70581e-05
7.7075 1.21844e-05
7.7125 1.21844e-05
7.7175 1.46212e-05
7.7225 1.9495e-05
7.7275 7.31062e-06
7.7325 9.74749e-06
7.7375 7.31062e-06
7.7425 9.74749e-06
7.7475 1.46212e-05
7.7525 9.74749e-06
7.7575 7.31062e-06
7.7625 1.21844e-05
7.7675 2.43687e-06
7.7725 4.87375e-06
7.7775 9.74749e-06
7.7825 9.74749e-06
7.7875 2.43687e-06
7.7925 4.87375e-06
7.7975 1.21844e-05
7.8025 1.70581e-05
7.8075 7.31062e-06
7.8125 9.74749e-06
7.8175 2.43687e-06
7.8225 9.74749e-06
7.8275 7.31062e-06
7.8325 4.87375e-06
7.8375 9.74749e-06
7.8425 1.70581e-05
7.8475 7.31062e-06
7.8525 9.74749e-06
7.8575 1.21844e-05
7.8625 1.21844e-05
7.8675 1.21844e-05
7.8725 9.74749e-06
7.8775 1.46212e-05
7.8825 9.74749e-06
7.8875 4.87375e-06
7.8925 7.31062e-06
7.8975 4.87375e-06
7.9025 1.21844e-05
7.9075 2.43687e-06
7.9125 7.31062e-06
7.9175 7.31062e-06
7.9225 1.21844e-05
7.9275 1.9495e-05
7.9325 1.70581e-05
7.9425 9.74749e-06
7.9475 1.46212e-05
7.9525 7.31062e-06
7.9575 7.31062e-06
7.9625 1.21844e-05
7.9675 1.21844e-05
7.9725 4.87375e-06
7.9775 1.21844e-05
7.9825 1.46212e-05
7.9875 7.31062e-06
7.9925 4.87375e-06
7.9975 9.74749e-06
8.0025 4.87375e-06
8.0075 9.74749e-06
8.0125 9.74749e-06
8.0175 1.21844e-05
8.0225 1.21844e-05
8.0275 7.31062e-06
8.0325 1.70581e-05
8.0375 9.74749e-06
8.0425 1.9495e-05
8.0475 1.21844e-05
8.0525 9.74749e-06
8.0575 4.87375e-06
8.0625 9.74749e-06
8.0675 7.31062e-06
8.0725 1.21844e-05
8.0775 7.31062e-06
8.0825 1.46212e-05
8.0875 1.70581e-05
8.0925 2.68056e-05
8.0975 2.43687e-06
8.1025 4.87375e-06
8.1075 1.9495e-05
8.1125 9.74749e-06
8.1175 7.31062e-06
8.1225 9.74749e-06
8.1275 1.21844e-05
8.1325 7.31062e-06
8.1375 4.87375e-06
8.1425 4.87375e-06
8.1475 1.70581e-05
8.1525 2.43687e-06
8.1625 4.87375e-06
8.1675 1.46212e-05
8.1725 2.43687e-06
8.1775 2.43687e-06
8.1825 4.87375e-06
8.1875 1.21844e-05
8.1925 1.70581e-05
8.1975 9.74749e-06
8.2025 4.87375e-06
8.2075 4.87375e-06
8.2125 4.87375e-06
8.2175 9.74749e-06
8.2225 4.87375e-06
8.2275 9.74749e-06
8.2325 7.31062e-06
8.2375 7.31062e-06
8.2425 9.74749e-06
8.2475 7.31062e-06
8.2525 9.74749e-06
8.2575 7.31062e-06
8.2625 4.87375e-06
8.2675 1.46212e-05
8.2725 1.46212e-05
8.2775 4.87375e-06
8.2825 4.87375e-06
8.2875 4.87375e-06
8.2925 7.31062e-06
8.2975 2.43687e-06
8.3025 7.31062e-06
8.3075 4.87375e-06
8.3125 2.43687e-06
8.3175 1.46212e-05
8.3225 4.87375e-06
8.3275 9.74749e-06
8.3325 7.31062e-06
8.3375 1.46212e-05
8.3425 7.31062e-06
8.3475 9.74749e-06
8.3525 1.21844e-05
8.3575 9.74749e-06
8.3625 2.43687e-06
8.3675 7.31062e-06
8.3725 9.74749e-06
8.3775 7.31062e-06
8.3825 7.31062e-06
8.3875 9.74749e-06
8.3925 9.74749e-06
8.3975 1.46212e-05
8.4025 4.87375e-06
8.4075 7.31062e-06
8.4125 1.46212e-05
8.4175 7.31062e-06
8.4225 7.31062e-06
8.4275 7.31062e-06
8.4325 9.74749e-06
8.4375 1.21844e-05
8.4425 9.74749e-06
8.4475 7.31062e-06
8.4525 9.74749e-06
8.4575 9.74749e-06
8.4625 4.87375e-06
8.4675 7.31062e-06
8.4725 2.43687e-06
8.4775 7.31062e-06
8.4875 7.31062e-06
8.4925 7.31062e-06
8.4975 7.31062e-06
8.5025 7.31062e-06
8.5075 9.74749e-06
8.5125 4.87375e-06
8.5175 9.74749e-06
8.5225 4.87375e-06
8.5275 1.21844e-05
8.5325 2.43687e-06
8.5375 9.74749e-06
8.5425 2.43687e-06
8.5475 4.87375e-06
8.5525 1.21844e-05
8.5575 9.74749e-06
8.5625 4.87375e-06
8.5675 7.31062e-06
8.5725 7.31062e-06
8.5775 9.74749e-06
8.5825 1.70581e-05
8.5875 2.43687e-06
8.5925 7.31062e-06
8.5975 1.70581e-05
8.6025 9.74749e-06
8.6075 7.31062e-06
8.6125 9.74749e-06
8.6175 7.31062e-06
8.6225 1.21844e-05
8.6275 9.74749e-06
8.6325 2.43687e-06
8.6375 7.31062e-06
8.6425 4.87375e-06
8.6475 9.74749e-06
8.6525 7.31062e-06
8.6575 7.31062e-06
8.6625 2.43687e-06
8.6675 1.46212e-05
8.6725 4.87375e-06
8.6775 9.74749e-06
8.6825 4.87375e-06
8.6875 7.31062e-06
8.6925 2.43687e-06
8.6975 4.87375e-06
8.7025 4.87375e-06
8.7075 9.74749e-06
8.7125 1.21844e-05
8.7175 1.46212e-05
8.7225 1.21844e-05
8.7275 1.70581e-05
8.7325 1.46212e-05
8.7375 1.21844e-05
8.7425 7.31062e-06
8.7475 4.87375e-06
8.7525 2.43687e-06
8.7575 1.21844e-05
8.7625 9.74749e-06
8.7675 1.21844e-05
8.7725 4.87375e-06
8.7775 1.21844e-05
8.7825 2.43687e-06
8.7875 4.87375e-06
8.7925 7.31062e-06
8.7975 1.21844e-05
8.8025 9.74749e-06
8.8075 2.43687e-06
8.8125 7.31062e-06
8.8175 9.74749e-06
8.8225 4.87375e-06
8.8275 1.9495e-05
8.8325 9.74749e-06
8.8375 9.74749e-06
8.8425 1.21844e-05
8.8475 9.74749e-06
8.8525 9.74749e-06
8.8575 2.43687e-06
8.8625 7.31062e-06
8.8675 9.74749e-06
8.8725 7.31062e-06
8.8775 4.87375e-06
8.8825 7.31062e-06
8.8875 1.21844e-05
8.8925 1.21844e-05
8.8975 4.87375e-06
8.9025 9.74749e-06
8.9075 7.31062e-06
8.9125 2.43687e-06
8.9175 4.87375e-06
8.9225 7.31062e-06
8.9275 4.87375e-06
8.9325 1.70581e-05
8.9375 1.21844e-05
8.9425 1.46212e-05
8.9475 1.70581e-05
8.9525 4.87375e-06
8.9575 9.74749e-06
8.9625 4.87375e-06
8.9675 2.43687e-06
8.9725 7.31062e-06
8.9775 1.21844e-05
8.9825 9.74749e-06
8.9875 4.87375e-06
8.9925 2.43687e-06
8.9975 1.21844e-05
9.0025 7.31062e-06
9.0075 4.87375e-06
9.0175 1.46212e-05
9.0225 1.21844e-05
9.0275 9.74749e-06
9.0325 4.87375e-06
9.0375 7.31062e-06
9.0425 1.46212e-05
9.0475 4.87375e-06
9.0525 4.87375e-06
9.0575 4.87375e-06
9.0625 9.74749e-06
9.0675 7.31062e-06
9.0725 4.87375e-06
9.0775 9.74749e-06
9.0825 1.21844e-05
9.0875 7.31062e-06
9.0925 9.74749e-06
9.0975 9.74749e-06
9.1025 4.87375e-06
9.1075 7.31062e-06
9.1125 1.21844e-05
9.1175 4.87375e-06
9.1225 7.31062e-06
9.1275 7.31062e-06
9.1375 4.87375e-06
9.1425 1.21844e-05
9.1475 1.21844e-05
9.1525 4.87375e-06
9.1575 9.74749e-06
9.1625 4.87375e-06
9.1725 4.87375e-06
9.1775 1.21844e-05
9.1825 2.43687e-06
9.1875 1.46212e-05
9.1925 7.31062e-06
9.1975 2.43687e-06
9.2025 9.74749e-06
9.2075 4.87375e-06
9.2175 7.31062e-06
9.2225 1.21844e-05
9.2275 2.43687e-06
9.2325 9.74749e-06
9.2375 1.21844e-05
9.2425 4.87375e-06
9.2475 1.21844e-05
9.2525 4.87375e-06
9.2575 9.74749e-06
9.2625 1.21844e-05
9.2675 4.87375e-06
9.2725 7.31062e-06
9.2775 4.87375e-06
9.2825 7.31062e-06
9.2875 1.21844e-05
9.2925 9.74749e-06
9.2975 7.31062e-06
9.3025 4.87375e-06
9.3075 4.87375e-06
9.3125 2.43687e-06
9.3175 9.74749e-06
9.3225 2.43687e-06
9.3275 9.74749e-06
9.3325 7.31062e-06
9.3375 9.74749e-06
9.3425 1.46212e-05
9.3475 1.21844e-05
9.3525 1.21844e-05
9.3575 1.70581e-05
9.3625 1.70581e-05
9.3675 4.87375e-06
9.3725 4.87375e-06
9.3825 2.43687e-06
9.3875 7.31062e-06
9.3925 9.74749e-06
9.3975 1.21844e-05
9.4025 7.31062e-06
9.4075 9.74749e-06
9.4125 2.43687e-06
9.4175 4.87375e-06
9.4225 7.31062e-06
9.4275 9.74749e-06
9.4325 1.46212e-05
9.4375 1.21844e-05
9.4425 7.31062e-06
9.4475 1.46212e-05
9.4525 4.87375e-06
9.4575 9.74749e-06
9.4625 4.87375e-06
9.4675 9.74749e-06
9.4725 7.31062e-06
9.4775 9.74749e-06
9.4825 9.74749e-06
9.4875 4.87375e-06
9.4925 2.43687e-06
9.4975 9.74749e-06
9.5025 1.70581e-05
9.5075 1.21844e-05
9.5125 1.21844e-05
9.5175 7.31062e-06
9.5225 9.74749e-06
9.5275 4.87375e-06
9.5325 9.74749e-06
9.5375 1.21844e-05
9.5425 7.31062e-06
9.5475 9.74749e-06
9.5525 9.74749e-06
9.5575 7.31062e-06
9.5625 4.87375e-06
9.5675 7.31062e-06
9.5725 9.74749e-06
9.5775 4.87375e-06
9.5825 1.70581e-05
9.5875 2.43687e-06
9.5925 4.87375e-06
9.5975 4.87375e-06
9.6025 1.70581e-05
9.6075 7.31062e-06
9.6125 9.74749e-06
9.6175 4.87375e-06
9.6225 9.74749e-06
9.6275 1.70581e-05
9.6325 1.70581e-05
9.6375 4.87375e-06
9.6425 1.21844e-05
9.6475 7.31062e-06
9.6525 9.74749e-06
9.6575 7.31062e-06
9.6625 9.74749e-06
9.6675 2.43687e-06
9.6725 7.31062e-06
9.6775 7.31062e-06
9.6825 9.74749e-06
9.6875 4.87375e-06
9.6925 2.43687e-06
9.6975 9.74749e-06
9.7025 1.9495e-05
9.7075 2.43687e-06
9.7125 7.31062e-06
9.7175 1.21844e-05
9.7225 4.87375e-06
9.7275 1.21844e-05
9.7325 4.87375e-06
9.7375 1.21844e-05
9.7425 9.74749e-06
9.7475 9.74749e-06
9.7525 4.87375e-06
9.7575 9.74749e-06
9.7625 4.87375e-06
9.7675 2.43687e-06
9.7725 9.74749e-06
9.7775 1.46212e-05
9.7825 9.74749e-06
9.7875 2.43687e-06
9.7925 1.21844e-05
9.8025 4.87375e-06
9.8075 1.21844e-05
9.8125 1.21844e-05
9.8175 9.74749e-06
9.8225 1.21844e-05
9.8275 4.87375e-06
9.8325 7.31062e-06
9.8375 2.43687e-06
9.8425 1.21844e-05
9.8475 9.74749e-06
9.8525 4.87375e-06
9.8575 1.21844e-05
9.8625 7.31062e-06
9.8675 2.43687e-06
9.8725 2.43687e-06
9.8775 1.21844e-05
9.8825 1.46212e-05
9.8875 2.43687e-06
9.8925 7.31062e-06
9.8975 4.87375e-06
9.9025 9.74749e-06
9.9075 1.70581e-05
9.9125 4.87375e-06
9.9175 1.21844e-05
9.9225 2.43687e-06
9.9325 7.31062e-06
9.9375 1.21844e-05
9.9425 7.31062e-06
9.9475 7.31062e-06
9.9525 7.31062e-06
9.9575 4.87375e-06
9.9625 1.21844e-05
9.9675 1.21844e-05
9.9725 7.31062e-06
9.9775 9.74749e-06
9.9825 1.46212e-05
9.9875 2.43687e-06
9.9925 1.46212e-05
9.9975 1.21844e-05
10.0025 7.31062e-06
10.0075 7.31062e-06
10.0125 4.87375e-06
10.0175 7.31062e-06
10.0225 9.74749e-06
10.0275 4.87375e-06
10.0325 1.70581e-05
10.0375 9.74749e-06
10.0425 7.31062e-06
10.0475 4.87375e-06
10.0525 1.21844e-05
10.0575 7.31062e-06
10.0625 1.70581e-05
10.0675 9.74749e-06
10.0725 1.21844e-05
10.0775 9.74749e-06
10.0825 7.31062e-06
10.0875 4.87375e-06
10.0975 4.87375e-06
10.1025 1.46212e-05
10.1075 1.46212e-05
10.1125 9.74749e-06
10.1175 2.43687e-06
10.1225 4.87375e-06
10.1275 4.87375e-06
10.1325 7.31062e-06
10.1375 9.74749e-06
10.1425 7.31062e-06
10.1475 4.87375e-06
10.1525 7.31062e-06
10.1575 2.43687e-06
10.1625 9.74749e-06
10.1675 1.70581e-05
10.1725 9.74749e-06
10.1775 9.74749e-06
10.1825 9.74749e-06
10.1875 7.31062e-06
10.1925 4.87375e-06
10.1975 4.87375e-06
10.2025 4.87375e-06
10.2075 7.31062e-06
10.2125 9.74749e-06
10.2175 1.21844e-05
10.2225 1.70581e-05
10.2275 1.46212e-05
10.2325 1.70581e-05
10.2375 9.74749e-06
10.2425 1.9495e-05
10.2475 1.70581e-05
10.2525 4.87375e-06
10.2575 4.87375e-06
10.2625 4.87375e-06
10.2675 4.87375e-06
10.2725 7.31062e-06
10.2775 7.31062e-06
10.2825 1.46212e-05
10.2875 7.31062e-06
10.2925 2.43687e-06
10.2975 7.31062e-06
10.3025 7.31062e-06
10.3075 1.46212e-05
10.3125 7.31062e-06
10.3175 9.74749e-06
10.3225 1.9495e-05
10.3275 4.87375e-06
10.3325 4.87375e-06
10.3375 1.46212e-05
10.3425 9.74749e-06
10.3475 7.31062e-06
10.3525 4.87375e-06
10.3575 1.9495e-05
10.3625 7.31062e-06
10.3675 9.74749e-06
10.3725 7.31062e-06
10.3825 9.74749e-06
10.3875 1.21844e-05
10.3925 1.9495e-05
10.3975 7.31062e-06
10.4025 1.21844e-05
10.4075 9.74749e-06
10.4125 1.9495e-05
10.4175 2.43687e-06
10.4225 7.31062e-06
10.4325 7.31062e-06
10.4375 1.9495e-05
10.4425 1.21844e-05
10.4475 1.46212e-05
10.4525 2.43687e-06
10.4575 2.43687e-06
10.4625 7.31062e-06
10.4675 9.74749e-06
10.4725 1.21844e-05
10.4775 4.87375e-06
10.4825 1.46212e-05
10.4875 9.74749e-06
10.4925 1.21844e-05
10.4975 9.74749e-06
10.5025 1.70581e-05
10.5075 7.31062e-06
10.5125 4.87375e-06
10.5175 4.87375e-06
10.5225 1.9495e-05
10.5275 1.46212e-05
10.5325 2.43687e-05
10.5425 2.68056e-05
10.5475 2.43687e-06
10.5525 1.21844e-05
10.5575 1.21844e-05
10.5625 1.46212e-05
10.5675 1.21844e-05
10.5725 1.21844e-05
10.5775 7.31062e-06
10.5825 4.87375e-06
10.5875 1.9495e-05
10.5925 9.74749e-06
10.5975 9.74749e-06
10.6025 1.70581e-05
10.6075 4.87375e-06
10.6125 9.74749e-06
10.6175 4.87375e-06
10.6225 7.31062e-06
10.6275 7.31062e-06
10.6325 4.87375e-06
10.6375 1.21844e-05
10.6425 1.21844e-05
10.6475 1.21844e-05
10.6525 4.87375e-06
10.6575 1.9495e-05
10.6625 4.87375e-06
10.6675 4.87375e-06
10.6725 1.21844e-05
10.6775 7.31062e-06
10.6825 1.21844e-05
10.6875 1.21844e-05
10.6925 9.74749e-06
10.6975 1.21844e-05
10.7025 9.74749e-06
10.7075 1.21844e-05
10.7125 1.70581e-05
10.7175 7.31062e-06
10.7225 1.21844e-05
10.7275 9.74749e-06
10.7325 1.9495e-05
10.7375 9.74749e-06
10.7425 4.87375e-06
10.7475 1.21844e-05
10.7525 7.31062e-06
10.7575 1.21844e-05
10.7625 9.74749e-06
10.7675 1.70581e-05
10.7725 1.70581e-05
10.7775 1.21844e-05
10.7825 1.46212e-05
10.7875 9.74749e-06
10.7925 2.43687e-06
10.7975 7.31062e-06
10.8025 9.74749e-06
10.8075 1.21844e-05
10.8125 9.74749e-06
10.8175 9.74749e-06
10.8225 1.46212e-05
10.8275 7.31062e-06
10.8325 1.46212e-05
10.8375 1.46212e-05
10.8425 1.21844e-05
10.8475 9.74749e-06
10.8525 9.74749e-06
10.8575 1.70581e-05
10.8625 1.46212e-05
10.8675 9.74749e-06
10.8725 1.21844e-05
10.8775 1.21844e-05
10.8825 1.21844e-05
10.8875 1.70581e-05
10.8925 9.74749e-06
10.8975 1.46212e-05
10.9025 7.31062e-06
10.9075 4.87375e-06
10.9125 7.31062e-06
10.9175 2.43687e-06
10.9225 1.21844e-05
10.9275 1.70581e-05
10.9325 9.74749e-06
10.9375 1.70581e-05
10.9425 1.46212e-05
10.9475 9.74749e-06
10.9525 1.46212e-05
10.9575 1.9495e-05
10.9625 1.21844e-05
10.9675 1.21844e-05
10.9725 1.46212e-05
10.9775 1.21844e-05
10.9825 2.43687e-05
10.9875 4.87375e-06
10.9925 1.46212e-05
10.9975 1.21844e-05
11.0025 9.74749e-06
11.0075 4.87375e-06
11.0125 9.74749e-06
11.0175 1.70581e-05
11.0225 4.87375e-06
11.0275 2.19319e-05
11.0325 2.43687e-05
11.0375 1.21844e-05
11.0425 1.21844e-05
11.0475 1.70581e-05
11.0525 7.31062e-06
11.0575 7.31062e-06
11.0625 1.70581e-05
11.0675 9.74749e-06
11.0725 7.31062e-06
11.0775 9.74749e-06
11.0825 1.46212e-05
11.0875 1.70581e-05
11.0925 2.19319e-05
11.0975 7.31062e-06
11.1025 2.19319e-05
11.1075 2.43687e-05
11.1125 4.87375e-06
11.1175 1.21844e-05
11.1225 1.21844e-05
11.1275 1.46212e-05
11.1325 4.87375e-06
11.1375 1.46212e-05
11.1425 7.31062e-06
11.1475 1.70581e-05
11.1525 9.74749e-06
11.1575 2.19319e-05
11.1625 7.31062e-06
11.1675 1.21844e-05
11.1725 1.21844e-05
11.1775 1.70581e-05
11.1825 1.9495e-05
11.1875 2.19319e-05
11.1925 1.21844e-05
11.1975 1.9495e-05
11.2025 2.43687e-05
11.2075 1.9495e-05
11.2125 1.21844e-05
11.2175 4.87375e-06
11.2225 4.87375e-06
11.2275 9.74749e-06
11.2325 2.19319e-05
11.2375 1.46212e-05
11.2425 2.68056e-05
11.2475 9.74749e-06
11.2525 9.74749e-06
11.2575 2.43687e-06
11.2625 2.68056e-05
11.2675 1.46212e-05
11.2725 1.21844e-05
11.2775 1.70581e-05
11.2825 1.70581e-05
11.2875 1.21844e-05
11.2925 1.21844e-05
11.2975 1.21844e-05
11.3025 1.46212e-05
11.3075 1.46212e-05
11.3125 1.9495e-05
11.3175 3.16793e-05
11.3225 1.9495e-05
11.3275 1.46212e-05
11.3325 1.70581e-05
11.3375 1.46212e-05
11.3425 2.92425e-05
11.3475 4.87375e-06
11.3525 2.19319e-05
11.3575 1.9495e-05
11.3625 1.21844e-05
11.3675 1.70581e-05
11.3725 1.46212e-05
11.3775 1.21844e-05
11.3825 2.68056e-05
11.3875 1.46212e-05
11.3925 1.46212e-05
11.3975 1.9495e-05
11.4025 1.70581e-05
11.4075 7.31062e-06
11.4125 2.19319e-05
11.4175 2.43687e-05
11.4225 7.31062e-06
11.4275 1.9495e-05
11.4325 9.74749e-06
11.4375 1.46212e-05
11.4425 2.92425e-05
11.4475 2.68056e-05
11.4525 2.19319e-05
11.4575 4.87375e-06
11.4625 9.74749e-06
11.4675 1.70581e-05
11.4725 1.9495e-05
11.4775 4.87375e-06
11.4825 9.74749e-06
11.4875 4.14268e-05
11.4925 2.43687e-06
11.4975 1.9495e-05
11.5025 1.9495e-05
11.5075 2.43687e-05
11.5125 1.46212e-05
11.5175 1.21844e-05
11.5225 2.19319e-05
11.5275 1.70581e-05
11.5325 2.43687e-05
11.5375 3.41162e-05
11.5425 2.43687e-05
11.5475 1.9495e-05
11.5525 1.21844e-05
11.5575 1.9495e-05
11.5625 1.9495e-05
11.5675 7.31062e-06
11.5725 1.70581e-05
11.5775 2.43687e-05
11.5825 2.92425e-05
11.5875 1.21844e-05
11.5925 2.43687e-05
11.5975 1.21844e-05
11.6025 7.31062e-06
11.6075 1.70581e-05
11.6125 3.41162e-05
11.6175 1.70581e-05
11.6225 3.41162e-05
11.6275 1.70581e-05
11.6325 1.9495e-05
11.6375 2.68056e-05
11.6425 1.70581e-05
11.6475 1.21844e-05
11.6525 1.46212e-05
11.6575 1.9495e-05
11.6625 1.46212e-05
11.6675 1.9495e-05
11.6725 3.16793e-05
11.6775 1.70581e-05
11.6825 1.46212e-05
11.6875 1.70581e-05
11.6925 7.31062e-06
11.6975 1.46212e-05
11.7025 9.74749e-06
11.7075 1.70581e-05
11.7125 9.74749e-06
11.7175 3.16793e-05
11.7225 2.68056e-05
11.7275 2.43687e-05
11.7325 1.70581e-05
11.7375 1.70581e-05
11.7425 1.70581e-05
11.7475 2.19319e-05
11.7525 3.16793e-05
11.7575 2.43687e-05
11.7625 3.41162e-05
11.7675 1.21844e-05
11.7725 2.43687e-05
11.7775 1.46212e-05
11.7825 1.9495e-05
11.7875 1.9495e-05
11.7925 2.43687e-05
11.7975 2.92425e-05
11.8025 2.92425e-05
11.8075 1.21844e-05
11.8125 2.43687e-05
11.8175 1.21844e-05
11.8225 2.19319e-05
11.8275 1.70581e-05
11.8325 9.74749e-06
11.8375 1.9495e-05
11.8425 1.46212e-05
11.8475 1.9495e-05
11.8525 3.16793e-05
11.8575 1.9495e-05
11.8625 2.92425e-05
11.8675 2.19319e-05
11.8725 3.16793e-05
11.8775 1.46212e-05
11.8825 2.43687e-05
11.8875 2.19319e-05
11.8925 2.43687e-05
11.8975 1.46212e-05
11.9025 1.9495e-05
11.9075 1.9495e-05
11.9125 1.21844e-05
11.9175 2.19319e-05
11.9225 2.92425e-05
11.9275 1.9495e-05
11.9325 2.68056e-05
11.9375 2.19319e-05
11.9425 1.9495e-05
11.9475 1.9495e-05
11.9525 1.9495e-05
11.9575 1.9495e-05
11.9625 3.41162e-05
11.9675 1.70581e-05
11.9725 3.41162e-05
11.9775 2.43687e-05
11.9825 7.31062e-06
11.9875 1.70581e-05
11.9925 1.21844e-05
11.9975 4.87375e-06
12.0025 1.9495e-05
12.0075 2.43687e-05
12.0125 1.9495e-05
12.0175 9.74749e-06
12.0225 2.43687e-05
12.0275 1.46212e-05
12.0325 7.31062e-06
12.0375 1.46212e-05
12.0425 2.43687e-05
12.0475 2.43687e-05
12.0525 1.9495e-05
12.0575 2.43687e-05
12.0625 2.43687e-05
12.0675 2.92425e-05
12.0725 1.70581e-05
12.0775 2.43687e-05
12.0825 2.68056e-05
12.0875 1.46212e-05
12.0925 1.70581e-05
12.0975 1.21844e-05
12.1025 1.21844e-05
12.1075 1.9495e-05
12.1125 1.70581e-05
12.1175 1.70581e-05
12.1225 2.92425e-05
12.1275 2.19319e-05
12.1325 2.19319e-05
12.1375 2.43687e-05
12.1425 9.74749e-06
12.1475 1.46212e-05
12.1525 1.70581e-05
12.1575 1.21844e-05
12.1625 2.19319e-05
12.1675 9.74749e-06
12.1725 2.19319e-05
12.1775 1.46212e-05
12.1825 2.19319e-05
12.1875 1.46212e-05
12.1925 1.70581e-05
12.1975 9.74749e-06
12.2025 1.46212e-05
12.2075 1.9495e-05
12.2125 2.19319e-05
12.2175 1.70581e-05
12.2225 1.46212e-05
12.2275 1.46212e-05
12.2325 1.70581e-05
12.2375 1.70581e-05
12.2425 2.92425e-05
12.2475 2.19319e-05
12.2525 2.19319e-05
12.2575 1.9495e-05
12.2625 3.899e-05
12.2675 1.21844e-05
12.2725 2.43687e-05
12.2775 2.43687e-06
12.2825 2.19319e-05
12.2875 7.31062e-06
12.2925 1.21844e-05
12.2975 1.9495e-05
12.3025 2.19319e-05
12.3075 2.43687e-05
12.3125 1.46212e-05
12.3175 7.31062e-06
12.3225 1.46212e-05
12.3275 2.68056e-05
12.3325 3.16793e-05
12.3375 9.74749e-06
12.3425 2.19319e-05
12.3475 1.46212e-05
12.3525 9.74749e-06
12.3575 1.9495e-05
12.3625 1.70581e-05
12.3675 1.21844e-05
12.3725 1.70581e-05
12.3775 9.74749e-06
12.3825 1.9495e-05
12.3875 1.9495e-05
12.3925 2.43687e-05
12.3975 1.21844e-05
12.4025 1.70581e-05
12.4075 7.31062e-06
12.4125 1.21844e-05
12.4175 9.74749e-06
12.4225 7.31062e-06
12.4275 1.9495e-05
12.4325 1.21844e-05
12.4375 9.74749e-06
12.4425 1.46212e-05
12.4475 1.21844e-05
12.4525 9.74749e-06
12.4575 2.68056e-05
12.4625 1.70581e-05
12.4675 1.46212e-05
12.4725 9.74749e-06
12.4775 1.70581e-05
12.4825 1.21844e-05
12.4875 2.19319e-05
12.4925 9.74749e-06
12.4975 1.21844e-05
12.5025 7.31062e-06
12.5075 1.9495e-05
12.5125 9.74749e-06
12.5175 2.19319e-05
12.5225 1.70581e-05
12.5275 1.9495e-05
12.5325 1.70581e-05
12.5375 7.31062e-06
12.5425 1.70581e-05
12.5475 1.70581e-05
12.5525 1.21844e-05
12.5575 2.19319e-05
12.5625 2.43687e-05
12.5675 1.70581e-05
12.5725 1.21844e-05
12.5775 1.46212e-05
12.5825 9.74749e-06
12.5875 9.74749e-06
12.5925 2.19319e-05
12.5975 1.21844e-05
12.6025 1.70581e-05
12.6075 1.9495e-05
12.6125 9.74749e-06
12.6175 7.31062e-06
12.6225 1.21844e-05
12.6275 2.19319e-05
12.6325 9.74749e-06
12.6375 9.74749e-06
12.6425 1.46212e-05
12.6475 7.31062e-06
12.6525 4.87375e-06
12.6575 1.21844e-05
12.6625 2.92425e-05
12.6675 1.46212e-05
12.6725 1.70581e-05
12.6775 1.70581e-05
12.6825 7.31062e-06
12.6875 9.74749e-06
12.6925 2.43687e-06
12.6975 1.46212e-05
12.7025 9.74749e-06
12.7075 7.31062e-06
12.7125 1.21844e-05
12.7175 7.31062e-06
12.7225 4.87375e-06
12.7275 9.74749e-06
12.7325 9.74749e-06
12.7375 2.43687e-06
12.7425 1.21844e-05
12.7475 7.31062e-06
12.7525 9.74749e-06
12.7575 1.46212e-05
12.7625 4.87375e-06
12.7675 7.31062e-06
12.7725 4.87375e-06
12.7775 1.46212e-05
12.7825 1.70581e-05
12.7875 1.21844e-05
12.7925 1.21844e-05
12.7975 7.31062e-06
12.8025 2.19319e-05
12.8075 1.21844e-05
12.8125 4.87375e-06
12.8175 2.43687e-05
12.8225 9.74749e-06
12.8275 2.43687e-06
12.8325 7.31062e-06
12.8375 7.31062e-06
12.8425 1.21844e-05
12.8475 7.31062e-06
12.8525 4.87375e-06
12.8575 7.31062e-06
12.8625 4.87375e-06
12.8675 1.70581e-05
12.8725 9.74749e-06
12.8775 9.74749e-06
12.8825 2.43687e-06
12.8875 1.46212e-05
12.8925 7.31062e-06
12.8975 9.74749e-06
12.9025 7.31062e-06
12.9075 1.46212e-05
12.9125 7.31062e-06
12.9175 2.43687e-06
12.9275 1.21844e-05
12.9325 7.31062e-06
12.9375 4.87375e-06
12.9425 4.87375e-06
12.9475 7.31062e-06
12.9525 1.21844e-05
12.9575 9.74749e-06
12.9625 2.43687e-06
12.9675 4.87375e-06
12.9725 4.87375e-06
12.9775 4.87375e-06
12.9825 4.87375e-06
12.9875 4.87375e-06
12.9925 4.87375e-06
12.9975 7.31062e-06
13.0025 2.43687e-06
13.0075 7.31062e-06
13.0125 7.31062e-06
13.0175 9.74749e-06
13.0225 9.74749e-06
13.0275 2.43687e-06
13.0325 9.74749e-06
13.0375 9.74749e-06
13.0475 1.21844e-05
13.0525 1.70581e-05
13.0575 4.87375e-06
13.0625 7.31062e-06
13.0675 2.43687e-06
13.0725 2.43687e-06
13.0775 4.87375e-06
13.0825 4.87375e-06
13.0875 7.31062e-06
13.0925 1.21844e-05
13.0975 1.21844e-05
13.1025 1.46212e-05
13.1075 1.21844e-05
13.1125 4.87375e-06
13.1175 1.21844e-05
13.1225 4.87375e-06
13.1275 1.21844e-05
13.1325 7.31062e-06
13.1425 2.43687e-06
13.1475 4.87375e-06
13.1525 9.74749e-06
13.1575 4.87375e-06
13.1625 1.21844e-05
13.1675 7.31062e-06
13.1725 4.87375e-06
13.1775 9.74749e-06
13.1825 7.31062e-06
13.1875 4.87375e-06
13.1925 2.43687e-06
13.1975 9.74749e-06
13.2025 4.87375e-06
13.2075 7.31062e-06
13.2125 4.87375e-06
13.2175 7.31062e-06
13.2225 9.74749e-06
13.2275 4.87375e-06
13.2325 9.74749e-06
13.2375 4.87375e-06
13.2425 7.31062e-06
13.2475 7.31062e-06
13.2525 7.31062e-06
13.2575 1.70581e-05
13.2625 9.74749e-06
13.2675 4.87375e-06
13.2725 7.31062e-06
13.2775 4.87375e-06
13.2825 4.87375e-06
13.2875 9.74749e-06
13.2925 7.31062e-06
13.2975 4.87375e-06
13.3025 9.74749e-06
13.3075 4.87375e-06
13.3125 1.21844e-05
13.3175 1.70581e-05
13.3225 2.43687e-06
13.3275 4.87375e-06
13.3325 7.31062e-06
13.3375 7.31062e-06
13.3425 2.43687e-06
13.3475 2.43687e-06
13.3525 1.21844e-05
13.3625 7.31062e-06
13.3675 7.31062e-06
13.3725 7.31062e-06
13.3775 1.21844e-05
13.3875 7.31062e-06
13.3925 4.87375e-06
13.3975 7.31062e-06
13.4025 9.74749e-06
13.4075 2.43687e-06
13.4125 9.74749e-06
13.4175 1.46212e-05
13.4225 4.87375e-06
13.4275 4.87375e-06
13.4325 2.43687e-06
13.4375 4.87375e-06
13.4425 7.31062e-06
13.4475 4.87375e-06
13.4525 4.87375e-06
13.4575 4.87375e-06
13.4625 7.31062e-06
13.4675 1.21844e-05
13.4775 1.46212e-05
13.4825 4.87375e-06
13.4875 9.74749e-06
13.4925 7.31062e-06
13.4975 7.31062e-06
13.5025 4.87375e-06
13.5075 1.21844e-05
13.5125 2.43687e-06
13.5175 2.43687e-06
13.5225 2.43687e-06
13.5275 9.74749e-06
13.5325 1.21844e-05
13.5375 4.87375e-06
13.5425 7.31062e-06
13.5475 7.31062e-06
13.5525 4.87375e-06
13.5575 2.43687e-06
13.5625 2.43687e-06
13.5675 7.31062e-06
13.5725 4.87375e-06
13.5775 4.87375e-06
13.5825 4.87375e-06
13.5875 4.87375e-06
13.5925 7.31062e-06
13.5975 2.43687e-06
13.6025 4.87375e-06
13.6075 4.87375e-06
13.6125 2.43687e-06
13.6175 4.87375e-06
13.6225 4.87375e-06
13.6275 2.43687e-06
13.6325 7.31062e-06
13.6375 2.43687e-06
13.6425 9.74749e-06
13.6475 2.43687e-06
13.6525 9.74749e-06
13.6575 1.21844e-05
13.6625 7.31062e-06
13.6675 2.43687e-06
13.6725 4.87375e-06
13.6775 7.31062e-06
13.6825 7.31062e-06
13.6875 9.74749e-06
13.6925 9.74749e-06
13.6975 2.43687e-06
13.7025 4.87375e-06
13.7075 4.87375e-06
13.7125 2.43687e-06
13.7175 4.87375e-06
13.7225 2.43687e-06
13.7275 4.87375e-06
13.7325 1.21844e-05
13.7375 2.43687e-06
13.7425 4.87375e-06
13.7475 7.31062e-06
13.7525 9.74749e-06
13.7575 2.43687e-06
13.7625 7.31062e-06
13.7675 7.31062e-06
13.7725 7.31062e-06
13.7775 4.87375e-06
13.7825 4.87375e-06
13.7925 1.21844e-05
13.7975 9.74749e-06
13.8125 7.31062e-06
13.8175 4.87375e-06
13.8225 7.31062e-06
13.8275 2.43687e-06
13.8325 4.87375e-06
13.8375 2.43687e-06
13.8425 2.43687e-06
13.8475 4.87375e-06
13.8525 7.31062e-06
13.8575 2.43687e-06
13.8625 7.31062e-06
13.8725 1.46212e-05
13.8825 4.87375e-06
13.8875 4.87375e-06
13.8925 9.74749e-06
13.8975 1.46212e-05
13.9025 2.43687e-06
13.9075 4.87375e-06
13.9125 7.31062e-06
13.9175 2.43687e-06
13.9225 4.87375e-06
13.9275 7.31062e-06
13.9325 2.43687e-06
13.9375 1.21844e-05
13.9425 4.87375e-06
13.9475 7.31062e-06
13.9575 2.43687e-06
13.9625 4.87375e-06
13.9725 2.43687e-06
13.9775 2.43687e-06
13.9825 4.87375e-06
13.9875 2.43687e-06
13.9925 2.43687e-06
13.9975 2.43687e-06
14.0025 4.87375e-06
14.0075 7.31062e-06
14.0175 2.43687e-06
14.0225 2.43687e-06
14.0275 1.21844e-05
14.0325 4.87375e-06
14.0375 4.87375e-06
14.0425 7.31062e-06
14.0475 2.43687e-06
14.0525 2.43687e-06
14.0575 9.74749e-06
14.0675 7.31062e-06
14.0775 7.31062e-06
14.0825 4.87375e-06
14.0875 2.43687e-06
14.0925 1.21844e-05
14.0975 2.43687e-06
14.1025 4.87375e-06
14.1075 4.87375e-06
14.1125 7.31062e-06
14.1175 2.43687e-06
14.1225 4.87375e-06
14.1275 9.74749e-06
14.1325 7.31062e-06
14.1375 4.87375e-06
14.1475 2.43687e-06
14.1525 4.87375e-06
14.1575 1.21844e-05
14.1625 7.31062e-06
14.1675 7.31062e-06
14.1775 2.43687e-06
14.1825 2.43687e-06
14.1875 4.87375e-06
14.1925 7.31062e-06
14.1975 2.43687e-06
14.2025 7.31062e-06
14.2075 2.43687e-06
14.2175 2.43687e-06
14.2225 2.43687e-06
14.2325 7.31062e-06
14.2375 4.87375e-06
14.2425 4.87375e-06
14.2475 7.31062e-06
14.2525 2.43687e-06
14.2575 9.74749e-06
14.2625 4.87375e-06
14.2675 2.43687e-06
14.2825 2.43687e-06
14.2875 1.21844e-05
14.2925 2.43687e-06
14.2975 4.87375e-06
14.3025 1.46212e-05
14.3075 7.31062e-06
14.3125 1.21844e-05
14.3175 2.43687e-06
14.3275 2.43687e-06
14.3325 2.43687e-06
14.3375 2.43687e-06
14.3425 2.43687e-06
14.3575 2.43687e-06
14.3625 2.43687e-06
14.3675 7.31062e-06
14.3725 7.31062e-06
14.3775 4.87375e-06
14.3825 4.87375e-06
14.3875 4.87375e-06
14.3925 2.43687e-06
14.3975 2.43687e-06
14.4025 4.87375e-06
14.4075 7.31062e-06
14.4125 4.87375e-06
14.4175 7.31062e-06
14.4225 2.43687e-06
14.4275 2.43687e-06
14.4325 7.31062e-06
14.4375 4.87375e-06
14.4425 2.43687e-06
14.4475 4.87375e-06
14.4525 4.87375e-06
14.4575 7.31062e-06
14.4625 1.21844e-05
14.4675 4.87375e-06
14.4875 2.43687e-06
14.4925 1.21844e-05
14.4975 2.43687e-06
14.5025 7.31062e-06
14.5075 7.31062e-06
14.5125 4.87375e-06
14.5175 2.43687e-06
14.5225 2.43687e-06
14.5325 1.21844e-05
14.5375 4.87375e-06
14.5425 4.87375e-06
14.5475 2.43687e-06
14.5575 4.87375e-06
14.5625 2.43687e-06
14.5675 2.43687e-06
14.5775 2.43687e-06
14.5825 4.87375e-06
14.5925 1.21844e-05
14.5975 2.43687e-06
14.6025 4.87375e-06
14.6075 2.43687e-06
14.6125 1.9495e-05
14.6175 7.31062e-06
14.6225 2.43687e-06
14.6275 2.43687e-06
14.6325 7.31062e-06
14.6375 2.43687e-06
14.6425 2.43687e-06
14.6475 2.43687e-06
14.6525 4.87375e-06
14.6575 4.87375e-06
14.6625 2.43687e-06
14.6675 4.87375e-06
14.6725 9.74749e-06
14.6775 4.87375e-06
14.6825 7.31062e-06
14.6875 4.87375e-06
14.6925 2.43687e-06
14.6975 7.31062e-06
14.7025 4.87375e-06
14.7075 9.74749e-06
14.7175 7.31062e-06
14.7225 4.87375e-06
14.7275 9.74749e-06
14.7325 1.46212e-05
14.7375 2.43687e-06
14.7425 2.43687e-06
14.7475 2.43687e-06
14.7525 7.31062e-06
14.7575 4.87375e-06
14.7625 2.43687e-06
14.7725 7.31062e-06
14.7775 7.31062e-06
14.7825 1.21844e-05
14.7875 2.43687e-06
14.7925 4.87375e-06
14.7975 7.31062e-06
14.8025 1.21844e-05
14.8075 2.43687e-06
14.8175 7.31062e-06
14.8225 2.43687e-06
14.8275 7.31062e-06
14.8325 7.31062e-06
14.8375 4.87375e-06
14.8425 9.74749e-06
14.8475 2.43687e-06
14.8525 2.43687e-06
14.8575 2.43687e-06
14.8625 4.87375e-06
14.8675 4.87375e-06
14.8725 1.21844e-05
14.8775 4.87375e-06
14.8825 7.31062e-06
14.8875 4.87375e-06
14.8925 4.87375e-06
14.9025 1.21844e-05
14.9075 1.46212e-05
14.9125 2.43687e-06
14.9175 4.87375e-06
14.9225 2.43687e-06
14.9275 2.43687e-06
14.9325 2.43687e-06
14.9375 4.87375e-06
14.9425 2.43687e-06
14.9475 4.87375e-06
14.9525 4.87375e-06
14.9575 9.74749e-06
14.9625 4.87375e-06
14.9725 7.31062e-06
14.9775 2.43687e-06
14.9825 2.43687e-06
14.9875 7.31062e-06
14.9925 4.87375e-06
14.9975 4.87375e-06
15.0025 4.87375e-06
15.0075 7.31062e-06
15.0225 7.31062e-06
15.0275 2.43687e-06
15.0325 7.31062e-06
15.0375 1.70581e-05
15.0425 2.43687e-06
15.0475 4.87375e-06
15.0525 2.43687e-06
15.0575 9.74749e-06
15.0625 1.46212e-05
15.0675 7.31062e-06
15.0725 4.87375e-06
15.0775 4.87375e-06
15.0825 4.87375e-06
15.0875 7.31062e-06
15.0925 7.31062e-06
15.0975 9.74749e-06
15.1025 2.43687e-06
15.1075 4.87375e-06
15.1125 9.74749e-06
15.1175 2.43687e-06
15.1225 7.31062e-06
15.1325 7.31062e-06
15.1375 2.43687e-06
15.1425 2.43687e-06
15.1525 9.74749e-06
15.1575 2.43687e-06
15.1675 4.87375e-06
15.1775 2.43687e-06
15.1825 1.46212e-05
15.1875 2.43687e-06
15.1925 7.31062e-06
15.1975 9.74749e-06
15.2025 4.87375e-06
15.2075 4.87375e-06
15.2125 7.31062e-06
15.2175 2.43687e-06
15.2225 4.87375e-06
15.2275 4.87375e-06
15.2375 4.87375e-06
15.2425 2.43687e-06
15.2475 4.87375e-06
15.2525 2.43687e-06
15.2575 4.87375e-06
15.2625 4.87375e-06
15.2675 4.87375e-06
15.2725 7.31062e-06
15.2775 2.43687e-06
15.2825 2.43687e-06
15.2875 4.87375e-06
15.2925 4.87375e-06
15.3025 1.46212e-05
15.3075 4.87375e-06
15.3175 7.31062e-06
15.3225 7.31062e-06
15.3275 2.43687e-06
15.3325 9.74749e-06
15.3425 4.87375e-06
15.3475 9.74749e-06
15.3525 4.87375e-06
15.3575 2.43687e-06
15.3625 2.43687e-06
15.3675 2.43687e-06
15.3775 2.43687e-06
15.3825 9.74749e-06
15.3875 4.87375e-06
15.3925 7.31062e-06
15.3975 4.87375e-06
15.4025 2.43687e-06
15.4075 2.43687e-06
15.4175 2.43687e-06
15.4325 7.31062e-06
15.4375 4.87375e-06
15.4425 2.43687e-06
15.4475 7.31062e-06
15.4525 4.87375e-06
15.4575 7.31062e-06
15.4625 7.31062e-06
15.4675 4.87375e-06
15.4725 2.43687e-06
15.4775 1.70581e-05
15.4875 2.43687e-06
15.4925 7.31062e-06
15.4975 2.43687e-06
