0.0025 6.40831e-06
0.0075 9.61246e-06
0.0125 1.60208e-05
0.0175 3.20415e-06
0.0225 6.40831e-06
0.0275 9.61246e-06
0.0325 6.40831e-06
0.0375 1.60208e-05
0.0425 9.61246e-06
0.0475 6.40831e-06
0.0525 2.24291e-05
0.0575 2.24291e-05
0.0625 2.56332e-05
0.0675 2.88374e-05
0.0725 1.60208e-05
0.0775 2.56332e-05
0.0825 3.20415e-05
0.0875 1.60208e-05
0.0925 1.60208e-05
0.0975 1.92249e-05
0.1025 3.52457e-05
0.1075 2.88374e-05
0.1125 1.28166e-05
0.1175 2.88374e-05
0.1225 4.48581e-05
0.1275 4.80623e-05
0.1325 2.88374e-05
0.1375 3.20415e-05
0.1425 1.60208e-05
0.1475 2.56332e-05
0.1525 3.20415e-05
0.1575 3.84498e-05
0.1625 4.1654e-05
0.1675 1.28166e-05
0.1725 2.24291e-05
0.1775 1.92249e-05
0.1825 3.84498e-05
0.1875 4.80623e-05
0.1925 1.92249e-05
0.1975 2.88374e-05
0.2025 3.84498e-05
0.2075 5.76747e-05
0.2125 2.24291e-05
0.2175 2.88374e-05
0.2225 1.92249e-05
0.2275 2.56332e-05
0.2325 2.88374e-05
0.2375 3.20415e-05
0.2425 3.84498e-05
0.2475 2.56332e-05
0.2525 3.20415e-05
0.2575 2.88374e-05
0.2625 3.20415e-05
0.2675 3.52457e-05
0.2725 2.88374e-05
0.2775 4.80623e-05
0.2825 1.60208e-05
0.2875 4.1654e-05
0.2925 2.88374e-05
0.2975 3.52457e-05
0.3025 2.88374e-05
0.3075 2.88374e-05
0.3125 4.1654e-05
0.3175 1.60208e-05
0.3225 3.52457e-05
0.3275 2.56332e-05
0.3325 2.88374e-05
0.3375 2.88374e-05
0.3425 2.88374e-05
0.3475 3.20415e-05
0.3525 1.28166e-05
0.3575 3.52457e-05
0.3625 4.1654e-05
0.3675 2.24291e-05
0.3725 4.1654e-05
0.3775 1.60208e-05
0.3825 3.20415e-05
0.3875 3.20415e-05
0.3925 2.56332e-05
0.3975 2.24291e-05
0.4025 2.56332e-05
0.4075 4.48581e-05
0.4125 2.24291e-05
0.4175 3.52457e-05
0.4225 1.60208e-05
0.4275 6.40831e-06
0.4325 2.24291e-05
0.4375 1.60208e-05
0.4425 4.1654e-05
0.4475 1.60208e-05
0.4525 2.56332e-05
0.4575 1.28166e-05
0.4625 1.92249e-05
0.4675 3.20415e-05
0.4725 1.92249e-05
0.4775 3.20415e-05
0.4825 3.20415e-05
0.4875 1.92249e-05
0.4925 3.20415e-05
0.4975 1.92249e-05
0.5025 2.24291e-05
0.5075 2.88374e-05
0.5125 0.000602381
0.5175 1.60208e-05
0.5225 1.92249e-05
0.5275 2.56332e-05
0.5325 1.60208e-05
0.5375 3.20415e-05
0.5425 1.28166e-05
0.5475 2.56332e-05
0.5525 1.28166e-05
0.5575 1.92249e-05
0.5625 1.60208e-05
0.5675 3.20415e-05
0.5725 1.60208e-05
0.5775 1.60208e-05
0.5825 2.24291e-05
0.5875 2.56332e-05
0.5925 2.56332e-05
0.5975 9.61246e-06
0.6025 9.61246e-06
0.6075 9.61246e-06
0.6125 1.28166e-05
0.6175 9.61246e-06
0.6225 4.1654e-05
0.6275 1.28166e-05
0.6325 2.24291e-05
0.6375 3.20415e-06
0.6425 1.60208e-05
0.6475 6.40831e-06
0.6525 1.28166e-05
0.6575 1.28166e-05
0.6625 2.24291e-05
0.6675 1.60208e-05
0.6725 1.28166e-05
0.6775 2.24291e-05
0.6825 2.88374e-05
0.6875 1.60208e-05
0.6925 1.92249e-05
0.6975 9.61246e-06
0.7025 1.60208e-05
0.7075 1.28166e-05
0.7125 9.61246e-06
0.7175 9.61246e-06
0.7225 1.60208e-05
0.7275 1.28166e-05
0.7325 3.20415e-05
0.7375 2.88374e-05
0.7425 3.20415e-06
0.7475 1.92249e-05
0.7525 1.60208e-05
0.7575 6.40831e-06
0.7625 1.28166e-05
0.7675 1.28166e-05
0.7725 1.92249e-05
0.7775 1.92249e-05
0.7825 6.40831e-06
0.7875 1.92249e-05
0.7925 6.40831e-06
0.7975 1.60208e-05
0.8025 6.40831e-06
0.8075 9.61246e-06
0.8125 1.28166e-05
0.8175 1.92249e-05
0.8225 1.92249e-05
0.8275 9.61246e-06
0.8325 1.92249e-05
0.8375 1.60208e-05
0.8425 1.60208e-05
0.8475 2.24291e-05
0.8525 1.92249e-05
0.8575 1.92249e-05
0.8625 2.56332e-05
0.8675 2.24291e-05
0.8725 1.60208e-05
0.8775 2.56332e-05
0.8825 1.28166e-05
0.8875 9.61246e-06
0.8925 1.28166e-05
0.8975 1.60208e-05
0.9025 2.88374e-05
0.9075 6.40831e-06
0.9125 9.61246e-06
0.9175 1.60208e-05
0.9225 1.60208e-05
0.9275 6.40831e-06
0.9325 2.88374e-05
0.9375 1.28166e-05
0.9425 9.61246e-06
0.9475 1.92249e-05
0.9525 1.28166e-05
0.9575 9.61246e-06
0.9625 6.40831e-06
0.9675 1.60208e-05
0.9725 1.28166e-05
0.9775 2.56332e-05
0.9825 1.28166e-05
0.9875 1.60208e-05
0.9925 6.40831e-06
0.9975 1.60208e-05
1.0025 2.88374e-05
1.0075 2.24291e-05
1.0125 1.28166e-05
1.0175 6.40831e-06
1.0225 0.000173024
1.0325 1.60208e-05
1.0375 2.24291e-05
1.0425 1.60208e-05
1.0475 9.61246e-06
1.0525 2.24291e-05
1.0575 1.28166e-05
1.0625 3.20415e-05
1.0675 9.61246e-06
1.0725 6.40831e-06
1.0775 9.61246e-06
1.0825 1.28166e-05
1.0875 1.28166e-05
1.0925 1.28166e-05
1.0975 1.60208e-05
1.1025 1.60208e-05
1.1075 6.40831e-06
1.1125 6.40831e-06
1.1175 9.61246e-06
1.1225 6.40831e-06
1.1275 1.60208e-05
1.1325 3.20415e-06
1.1375 1.60208e-05
1.1425 1.28166e-05
1.1525 9.61246e-06
1.1575 6.40831e-06
1.1675 1.92249e-05
1.1725 9.61246e-06
1.1775 6.40831e-06
1.1825 9.61246e-06
1.1875 1.92249e-05
1.1925 9.61246e-06
1.1975 1.28166e-05
1.2025 9.61246e-06
1.2075 9.61246e-06
1.2125 9.61246e-06
1.2175 6.40831e-06
1.2225 9.61246e-06
1.2275 9.61246e-06
1.2325 9.61246e-06
1.2375 1.60208e-05
1.2425 6.40831e-06
1.2475 6.40831e-06
1.2525 1.92249e-05
1.2575 6.40831e-06
1.2625 9.61246e-06
1.2675 1.28166e-05
1.2725 9.61246e-06
1.2775 6.40831e-06
1.2825 6.40831e-06
1.2875 1.60208e-05
1.2925 3.20415e-06
1.2975 6.40831e-06
1.3025 2.24291e-05
1.3075 1.60208e-05
1.3125 2.56332e-05
1.3175 2.24291e-05
1.3225 1.28166e-05
1.3275 9.61246e-06
1.3325 6.40831e-06
1.3375 9.61246e-06
1.3425 1.60208e-05
1.3475 2.24291e-05
1.3525 6.40831e-06
1.3575 3.20415e-06
1.3625 9.61246e-06
1.3725 1.28166e-05
1.3775 6.40831e-06
1.3825 3.20415e-06
1.3875 1.28166e-05
1.3925 6.40831e-06
1.3975 9.61246e-06
1.4025 3.20415e-06
1.4075 6.40831e-06
1.4175 3.20415e-06
1.4225 9.61246e-06
1.4275 9.61246e-06
1.4325 9.61246e-06
1.4425 1.28166e-05
1.4475 1.28166e-05
1.4525 9.61246e-06
1.4625 6.40831e-06
1.4725 3.20415e-06
1.4775 6.40831e-06
1.4825 6.40831e-06
1.4875 1.92249e-05
1.4925 9.61246e-06
1.4975 9.61246e-06
1.5025 1.60208e-05
1.5075 1.92249e-05
1.5125 3.20415e-06
1.5175 3.20415e-06
1.5225 6.40831e-06
1.5275 6.40831e-06
1.5325 1.28166e-05
1.5425 9.61246e-06
1.5475 9.61246e-06
1.5525 9.61246e-06
1.5575 1.60208e-05
1.5625 6.40831e-06
1.5675 9.61246e-06
1.5725 1.92249e-05
1.5775 6.40831e-06
1.5825 9.61246e-06
1.5875 1.28166e-05
1.5925 9.61246e-06
1.5975 1.28166e-05
1.6025 9.61246e-06
1.6075 6.40831e-06
1.6125 6.40831e-06
1.6175 9.61246e-06
1.6225 9.61246e-06
1.6275 1.28166e-05
1.6325 1.28166e-05
1.6375 2.24291e-05
1.6425 6.40831e-06
1.6475 1.28166e-05
1.6525 1.92249e-05
1.6575 6.40831e-06
1.6625 9.61246e-06
1.6675 6.40831e-06
1.6725 9.61246e-06
1.6775 1.28166e-05
1.6825 3.20415e-06
1.6875 1.28166e-05
1.6925 6.40831e-06
1.6975 3.20415e-06
1.7025 6.40831e-06
1.7075 9.61246e-06
1.7125 9.61246e-06
1.7175 1.60208e-05
1.7225 1.28166e-05
1.7275 1.28166e-05
1.7325 3.20415e-06
1.7375 3.20415e-06
1.7425 3.20415e-06
1.7475 6.40831e-06
1.7525 1.92249e-05
1.7575 9.61246e-06
1.7625 3.20415e-06
1.7675 1.28166e-05
1.7725 1.28166e-05
1.7775 9.61246e-06
1.7825 9.61246e-06
1.7875 1.92249e-05
1.7925 3.20415e-06
1.7975 2.24291e-05
1.8025 6.40831e-06
1.8075 1.92249e-05
1.8125 6.40831e-06
1.8175 3.20415e-06
1.8225 3.20415e-06
1.8275 6.40831e-06
1.8325 6.40831e-06
1.8375 9.61246e-06
1.8425 3.20415e-06
1.8475 1.28166e-05
1.8525 6.40831e-06
1.8575 6.40831e-06
1.8625 1.28166e-05
1.8725 6.40831e-06
1.8775 9.61246e-06
1.8825 9.61246e-06
1.8875 9.61246e-06
1.8925 1.60208e-05
1.8975 1.28166e-05
1.9025 6.40831e-06
1.9075 6.40831e-06
1.9125 6.40831e-06
1.9225 3.20415e-06
1.9275 9.61246e-06
1.9325 6.40831e-06
1.9375 6.40831e-06
1.9425 3.20415e-06
1.9475 3.20415e-06
1.9575 3.20415e-06
1.9625 3.20415e-06
1.9675 1.28166e-05
1.9725 6.40831e-06
1.9775 9.61246e-06
1.9825 3.20415e-06
1.9875 3.20415e-06
1.9925 3.20415e-06
1.9975 6.40831e-06
2.0025 6.40831e-06
2.0075 3.20415e-06
2.0125 9.61246e-06
2.0175 1.28166e-05
2.0225 1.28166e-05
2.0325 1.28166e-05
2.0375 3.20415e-06
2.0425 6.40831e-06
2.0475 3.20415e-06
2.0525 3.20415e-06
2.0575 3.20415e-06
2.0625 9.61246e-06
2.0675 6.40831e-06
2.0725 9.61246e-06
2.0775 1.28166e-05
2.0825 1.60208e-05
2.0875 1.28166e-05
2.0925 1.28166e-05
2.1025 1.60208e-05
2.1075 9.61246e-06
2.1175 3.20415e-06
2.1225 6.40831e-06
2.1275 6.40831e-06
2.1325 9.61246e-06
2.1375 1.60208e-05
2.1475 3.20415e-06
2.1525 6.40831e-06
2.1575 3.20415e-06
2.1625 3.20415e-06
2.1675 6.40831e-06
2.1725 1.28166e-05
2.1775 3.20415e-06
2.1825 6.40831e-06
2.1875 9.61246e-06
2.1925 1.92249e-05
2.1975 9.61246e-06
2.2025 6.40831e-06
2.2075 1.28166e-05
2.2125 3.20415e-06
2.2175 6.40831e-06
2.2225 9.61246e-06
2.2275 9.61246e-06
2.2325 9.61246e-06
2.2375 6.40831e-06
2.2425 3.20415e-06
2.2475 3.20415e-06
2.2525 6.40831e-06
2.2575 1.92249e-05
2.2625 6.40831e-06
2.2675 9.61246e-06
2.2725 6.40831e-06
2.2775 1.28166e-05
2.2825 1.60208e-05
2.2875 3.20415e-06
2.2925 1.28166e-05
2.2975 1.28166e-05
2.3025 6.40831e-06
2.3125 9.61246e-06
2.3175 9.61246e-06
2.3225 1.92249e-05
2.3325 9.61246e-06
2.3375 3.20415e-06
2.3425 6.40831e-06
2.3475 6.40831e-06
2.3525 3.20415e-06
2.3575 1.28166e-05
2.3625 6.40831e-06
2.3675 6.40831e-06
2.3775 1.28166e-05
2.3825 6.40831e-06
2.3875 3.20415e-06
2.3975 9.61246e-06
2.4025 3.20415e-06
2.4075 3.20415e-06
2.4125 1.28166e-05
2.4175 3.20415e-06
2.4225 9.61246e-06
2.4275 6.40831e-06
2.4325 3.20415e-06
2.4425 9.61246e-06
2.4475 3.20415e-06
2.4525 6.40831e-06
2.4575 6.40831e-06
2.4675 1.28166e-05
2.4725 6.40831e-06
2.4775 3.20415e-06
2.4825 6.40831e-06
2.4875 9.61246e-06
2.4925 3.20415e-06
2.4975 9.61246e-06
2.5025 6.40831e-06
2.5075 1.28166e-05
2.5125 3.20415e-06
2.5175 6.40831e-06
2.5225 6.40831e-06
2.5275 9.61246e-06
2.5325 1.60208e-05
2.5375 1.28166e-05
2.5425 9.61246e-06
2.5475 1.28166e-05
2.5525 9.61246e-06
2.5575 1.60208e-05
2.5625 3.20415e-06
2.5675 1.28166e-05
2.5725 6.40831e-06
2.5775 3.20415e-06
2.5825 6.40831e-06
2.5875 6.40831e-06
2.5925 9.61246e-06
2.5975 1.28166e-05
2.6025 9.61246e-06
2.6075 1.28166e-05
2.6125 3.20415e-06
2.6175 1.28166e-05
2.6225 9.61246e-06
2.6275 1.28166e-05
2.6325 3.20415e-06
2.6375 3.20415e-06
2.6425 3.20415e-06
2.6525 1.28166e-05
2.6625 1.28166e-05
2.6675 1.28166e-05
2.6725 9.61246e-06
2.6775 3.20415e-06
2.6875 6.40831e-06
2.6925 3.20415e-06
2.6975 1.28166e-05
2.7025 9.61246e-06
2.7075 9.61246e-06
2.7175 9.61246e-06
2.7225 1.28166e-05
2.7375 3.20415e-06
2.7425 9.61246e-06
2.7475 1.28166e-05
2.7525 6.40831e-06
2.7575 6.40831e-06
2.7625 1.28166e-05
2.7675 3.20415e-06
2.7775 9.61246e-06
2.7825 1.28166e-05
2.7925 6.40831e-06
2.7975 3.20415e-06
2.8025 6.40831e-06
2.8075 6.40831e-06
2.8125 3.20415e-06
2.8175 1.60208e-05
2.8225 9.61246e-06
2.8275 3.20415e-06
2.8325 9.61246e-06
2.8375 9.61246e-06
2.8425 6.40831e-06
2.8475 3.20415e-06
2.8525 6.40831e-06
2.8575 9.61246e-06
2.8625 1.60208e-05
2.8675 6.40831e-06
2.8725 6.40831e-06
2.8825 9.61246e-06
2.8875 6.40831e-06
2.8925 6.40831e-06
2.8975 3.20415e-06
2.9025 3.20415e-06
2.9075 3.20415e-06
2.9125 6.40831e-06
2.9175 9.61246e-06
2.9225 6.40831e-06
2.9275 1.28166e-05
2.9325 3.20415e-06
2.9425 9.61246e-06
2.9525 3.20415e-06
2.9575 6.40831e-06
2.9625 9.61246e-06
2.9675 9.61246e-06
2.9725 3.20415e-06
2.9775 3.20415e-06
2.9825 9.61246e-06
2.9875 6.40831e-06
2.9925 3.20415e-06
2.9975 6.40831e-06
3.0025 3.20415e-06
3.0075 6.40831e-06
3.0125 1.28166e-05
3.0175 3.20415e-06
3.0225 1.60208e-05
3.0275 6.40831e-06
3.0325 9.61246e-06
3.0375 1.92249e-05
3.0425 9.61246e-06
3.0575 6.40831e-06
3.0625 9.61246e-06
3.0675 3.20415e-06
3.0725 9.61246e-06
3.0775 6.40831e-06
3.0825 3.20415e-06
3.0925 1.92249e-05
3.0975 9.61246e-06
3.1025 6.40831e-06
3.1075 9.61246e-06
3.1125 3.20415e-06
3.1175 9.61246e-06
3.1225 6.40831e-06
3.1275 9.61246e-06
3.1325 3.20415e-06
3.1375 9.61246e-06
3.1425 6.40831e-06
3.1475 3.20415e-06
3.1525 1.28166e-05
3.1575 9.61246e-06
3.1625 3.20415e-06
3.1675 3.20415e-06
3.1775 9.61246e-06
3.1825 6.40831e-06
3.1875 1.28166e-05
3.1925 6.40831e-06
3.1975 3.20415e-06
3.2025 6.40831e-06
3.2075 1.28166e-05
3.2125 1.28166e-05
3.2175 3.20415e-06
3.2225 3.20415e-06
3.2275 9.61246e-06
3.2375 1.28166e-05
3.2425 9.61246e-06
3.2475 9.61246e-06
3.2525 3.20415e-06
3.2575 9.61246e-06
3.2625 9.61246e-06
3.2675 6.40831e-06
3.2725 1.28166e-05
3.2775 9.61246e-06
3.2825 3.20415e-06
3.2875 3.20415e-06
3.2925 1.60208e-05
3.2975 6.40831e-06
3.3025 9.61246e-06
3.3075 6.40831e-06
3.3125 1.28166e-05
3.3175 3.20415e-06
3.3225 9.61246e-06
3.3275 3.20415e-06
3.3325 3.20415e-06
3.3375 3.20415e-06
3.3425 2.24291e-05
3.3475 6.40831e-06
3.3525 3.20415e-06
3.3575 3.20415e-06
3.3625 9.61246e-06
3.3675 3.20415e-06
3.3725 9.61246e-06
3.3825 9.61246e-06
3.3875 6.40831e-06
3.3975 3.20415e-06
3.4025 3.20415e-06
3.4075 3.20415e-06
3.4175 9.61246e-06
3.4225 3.20415e-06
3.4275 1.28166e-05
3.4325 1.28166e-05
3.4375 1.92249e-05
3.4425 6.40831e-06
3.4475 9.61246e-06
3.4525 1.28166e-05
3.4575 3.20415e-06
3.4625 1.28166e-05
3.4675 3.20415e-06
3.4725 6.40831e-06
3.4775 6.40831e-06
3.4825 9.61246e-06
3.4925 1.92249e-05
3.5025 1.28166e-05
3.5075 1.28166e-05
3.5125 1.28166e-05
3.5175 3.20415e-06
3.5225 3.20415e-06
3.5275 6.40831e-06
3.5325 6.40831e-06
3.5375 3.20415e-06
3.5475 6.40831e-06
3.5525 9.61246e-06
3.5625 1.28166e-05
3.5675 6.40831e-06
3.5725 6.40831e-06
3.5775 3.20415e-06
3.5825 3.20415e-06
3.5875 6.40831e-06
3.5925 3.20415e-06
3.5975 6.40831e-06
3.6025 3.20415e-06
3.6075 3.20415e-06
3.6175 1.60208e-05
3.6225 3.20415e-06
3.6325 6.40831e-06
3.6375 9.61246e-06
3.6425 6.40831e-06
3.6475 9.61246e-06
3.6525 3.20415e-06
3.6575 6.40831e-06
3.6675 9.61246e-06
3.6725 3.20415e-06
3.6775 6.40831e-06
3.6825 9.61246e-06
3.6875 3.20415e-06
3.6925 9.61246e-06
3.6975 1.28166e-05
3.7025 9.61246e-06
3.7075 9.61246e-06
3.7125 1.28166e-05
3.7175 1.60208e-05
3.7325 9.61246e-06
3.7375 9.61246e-06
3.7425 6.40831e-06
3.7475 9.61246e-06
3.7525 6.40831e-06
3.7575 1.60208e-05
3.7625 3.20415e-06
3.7675 3.20415e-06
3.7725 6.40831e-06
3.7825 9.61246e-06
3.7925 3.20415e-06
3.7975 1.60208e-05
3.8025 6.40831e-06
3.8125 1.28166e-05
3.8175 6.40831e-06
3.8225 6.40831e-06
3.8275 9.61246e-06
3.8325 3.20415e-06
3.8375 1.92249e-05
3.8425 3.20415e-06
3.8475 1.28166e-05
3.8525 9.61246e-06
3.8575 1.28166e-05
3.8625 3.20415e-06
3.8675 9.61246e-06
3.8725 9.61246e-06
3.8775 6.40831e-06
3.8825 9.61246e-06
3.8875 6.40831e-06
3.8925 1.60208e-05
3.8975 1.60208e-05
3.9025 3.20415e-06
3.9075 1.28166e-05
3.9125 3.20415e-06
3.9175 1.92249e-05
3.9225 6.40831e-06
3.9275 1.28166e-05
3.9325 6.40831e-06
3.9375 6.40831e-06
3.9475 1.92249e-05
3.9525 3.20415e-06
3.9575 1.60208e-05
3.9625 9.61246e-06
3.9725 9.61246e-06
3.9775 6.40831e-06
3.9825 6.40831e-06
3.9875 9.61246e-06
3.9925 1.28166e-05
3.9975 6.40831e-06
4.0025 3.20415e-06
4.0175 1.60208e-05
4.0225 3.20415e-06
4.0325 1.60208e-05
4.0425 9.61246e-06
4.0475 9.61246e-06
4.0525 9.61246e-06
4.0575 6.40831e-06
4.0625 9.61246e-06
4.0675 1.92249e-05
4.0725 3.20415e-06
4.0775 9.61246e-06
4.0825 1.28166e-05
4.0875 1.60208e-05
4.0925 9.61246e-06
4.0975 1.60208e-05
4.1025 3.20415e-06
4.1125 6.40831e-06
4.1175 6.40831e-06
4.1225 3.20415e-06
4.1275 9.61246e-06
4.1325 3.20415e-06
4.1375 9.61246e-06
4.1425 6.40831e-06
4.1525 3.20415e-06
4.1575 1.60208e-05
4.1625 9.61246e-06
4.1675 3.20415e-06
4.1775 3.20415e-06
4.1825 6.40831e-06
4.1875 3.20415e-06
4.1925 3.20415e-06
4.1975 3.20415e-06
4.2025 1.60208e-05
4.2075 9.61246e-06
4.2125 9.61246e-06
4.2175 1.60208e-05
4.2225 9.61246e-06
4.2275 3.20415e-06
4.2325 9.61246e-06
4.2375 3.20415e-06
4.2425 6.40831e-06
4.2475 6.40831e-06
4.2525 6.40831e-06
4.2575 1.28166e-05
4.2675 9.61246e-06
4.2725 3.20415e-06
4.2775 6.40831e-06
4.2875 1.92249e-05
4.2925 6.40831e-06
4.2975 6.40831e-06
4.3025 3.20415e-06
4.3075 1.28166e-05
4.3175 3.20415e-06
4.3225 3.20415e-06
4.3275 1.28166e-05
4.3325 6.40831e-06
4.3375 9.61246e-06
4.3425 1.92249e-05
4.3475 6.40831e-06
4.3525 6.40831e-06
4.3575 1.28166e-05
4.3625 6.40831e-06
4.3725 3.20415e-06
4.3775 3.20415e-06
4.3825 1.28166e-05
4.3875 9.61246e-06
4.3925 6.40831e-06
4.3975 1.28166e-05
4.4025 6.40831e-06
4.4125 3.20415e-06
4.4175 1.60208e-05
4.4225 9.61246e-06
4.4275 9.61246e-06
4.4375 3.20415e-06
4.4425 1.28166e-05
4.4475 9.61246e-06
4.4525 3.20415e-06
4.4575 1.28166e-05
4.4625 3.20415e-06
4.4675 9.61246e-06
4.4725 3.20415e-06
4.4775 1.60208e-05
4.4825 6.40831e-06
4.4875 6.40831e-06
4.4925 6.40831e-06
4.5025 1.60208e-05
4.5075 9.61246e-06
4.5125 9.61246e-06
4.5175 9.61246e-06
4.5225 9.61246e-06
4.5275 3.20415e-06
4.5325 3.20415e-06
4.5375 3.20415e-06
4.5475 6.40831e-06
4.5525 6.40831e-06
4.5575 1.60208e-05
4.5625 1.28166e-05
4.5675 9.61246e-06
4.5725 1.92249e-05
4.5775 6.40831e-06
4.5825 9.61246e-06
4.5875 6.40831e-06
4.5925 1.28166e-05
4.6025 6.40831e-06
4.6075 1.60208e-05
4.6125 9.61246e-06
4.6175 1.92249e-05
4.6225 9.61246e-06
4.6275 9.61246e-06
4.6325 3.20415e-06
4.6375 3.20415e-06
4.6425 3.20415e-06
4.6475 6.40831e-06
4.6525 9.61246e-06
4.6575 9.61246e-06
4.6625 3.20415e-06
4.6725 6.40831e-06
4.6775 6.40831e-06
4.6875 9.61246e-06
4.6975 9.61246e-06
4.7075 6.40831e-06
4.7175 9.61246e-06
4.7225 9.61246e-06
4.7275 6.40831e-06
4.7325 1.60208e-05
4.7375 6.40831e-06
4.7425 3.20415e-06
4.7475 9.61246e-06
4.7575 9.61246e-06
4.7625 3.20415e-06
4.7675 9.61246e-06
4.7725 9.61246e-06
4.7775 6.40831e-06
4.7825 6.40831e-06
4.7875 9.61246e-06
4.7925 3.20415e-06
4.7975 6.40831e-06
4.8025 3.20415e-06
4.8075 9.61246e-06
4.8125 6.40831e-06
4.8175 3.20415e-06
4.8225 3.20415e-06
4.8275 6.40831e-06
4.8325 6.40831e-06
4.8425 9.61246e-06
4.8525 6.40831e-06
4.8575 6.40831e-06
4.8625 3.20415e-06
4.8675 3.20415e-06
4.8725 9.61246e-06
4.8775 9.61246e-06
4.8825 6.40831e-06
4.8875 9.61246e-06
4.8925 6.40831e-06
4.9025 6.40831e-06
4.9075 1.60208e-05
4.9125 1.92249e-05
4.9175 6.40831e-06
4.9225 1.92249e-05
4.9275 3.20415e-06
4.9325 9.61246e-06
4.9375 6.40831e-06
4.9425 1.28166e-05
4.9475 3.20415e-06
4.9525 9.61246e-06
4.9575 3.20415e-06
4.9625 3.20415e-06
4.9675 1.28166e-05
4.9725 6.40831e-06
4.9825 6.40831e-06
4.9875 9.61246e-06
4.9925 6.40831e-06
4.9975 9.61246e-06
5.0025 9.61246e-06
5.0075 6.40831e-06
5.0125 6.40831e-06
5.0175 1.28166e-05
5.0225 3.20415e-06
5.0275 3.20415e-06
5.0325 6.40831e-06
5.0375 1.28166e-05
5.0425 1.60208e-05
5.0475 6.40831e-06
5.0525 1.60208e-05
5.0575 6.40831e-06
5.0625 9.61246e-06
5.0675 3.20415e-06
5.0725 9.61246e-06
5.0775 6.40831e-06
5.0825 1.28166e-05
5.0875 6.40831e-06
5.0925 9.61246e-06
5.1025 1.28166e-05
5.1125 6.40831e-06
5.1175 3.20415e-06
5.1225 3.20415e-06
5.1275 3.20415e-06
5.1325 9.61246e-06
5.1375 2.24291e-05
5.1475 6.40831e-06
5.1525 2.88374e-05
5.1575 6.40831e-06
5.1625 6.40831e-06
5.1675 1.28166e-05
5.1725 9.61246e-06
5.1775 1.28166e-05
5.1825 6.40831e-06
5.1875 9.61246e-06
5.1925 9.61246e-06
5.1975 1.60208e-05
5.2025 1.28166e-05
5.2075 6.40831e-06
5.2175 3.20415e-06
5.2225 1.92249e-05
5.2275 9.61246e-06
5.2325 1.60208e-05
5.2375 6.40831e-06
5.2425 3.20415e-06
5.2475 6.40831e-06
5.2525 1.28166e-05
5.2575 6.40831e-06
5.2625 3.20415e-06
5.2675 3.20415e-06
5.2725 6.40831e-06
5.2775 6.40831e-06
5.2825 1.28166e-05
5.2875 3.20415e-06
5.2975 1.60208e-05
5.3025 1.28166e-05
5.3075 1.60208e-05
5.3125 6.40831e-06
5.3225 3.20415e-06
5.3275 6.40831e-06
5.3325 9.61246e-06
5.3375 6.40831e-06
5.3425 9.61246e-06
5.3475 1.28166e-05
5.3525 1.28166e-05
5.3575 6.40831e-06
5.3625 3.20415e-06
5.3675 9.61246e-06
5.3725 9.61246e-06
5.3775 1.60208e-05
5.3825 9.61246e-06
5.3875 9.61246e-06
5.3925 3.20415e-06
5.3975 6.40831e-06
5.4025 9.61246e-06
5.4075 3.20415e-06
5.4125 6.40831e-06
5.4175 6.40831e-06
5.4275 1.28166e-05
5.4325 1.60208e-05
5.4375 1.28166e-05
5.4425 1.28166e-05
5.4475 1.92249e-05
5.4575 6.40831e-06
5.4625 9.61246e-06
5.4675 1.28166e-05
5.4725 3.20415e-06
5.4775 9.61246e-06
5.4825 3.20415e-06
5.4875 9.61246e-06
5.4975 6.40831e-06
5.5025 1.28166e-05
5.5075 6.40831e-06
5.5125 3.20415e-06
5.5175 6.40831e-06
5.5225 9.61246e-06
5.5275 3.20415e-06
5.5325 9.61246e-06
5.5375 3.20415e-06
5.5425 9.61246e-06
5.5475 3.20415e-06
5.5525 3.20415e-06
5.5625 3.20415e-06
5.5675 6.40831e-06
5.5725 3.20415e-06
5.5775 9.61246e-06
5.5825 9.61246e-06
5.5875 1.28166e-05
5.5925 1.28166e-05
5.5975 9.61246e-06
5.6025 6.40831e-06
5.6075 9.61246e-06
5.6125 3.20415e-06
5.6175 6.40831e-06
5.6225 6.40831e-06
5.6275 9.61246e-06
5.6375 3.20415e-06
5.6425 3.20415e-06
5.6475 9.61246e-06
5.6525 9.61246e-06
5.6575 1.28166e-05
5.6625 6.40831e-06
5.6725 6.40831e-06
5.6775 6.40831e-06
5.6825 9.61246e-06
5.6875 9.61246e-06
5.6925 9.61246e-06
5.6975 6.40831e-06
5.7025 1.28166e-05
5.7075 1.60208e-05
5.7125 1.28166e-05
5.7175 6.40831e-06
5.7225 6.40831e-06
5.7275 6.40831e-06
5.7325 9.61246e-06
5.7375 1.28166e-05
5.7425 6.40831e-06
5.7475 1.28166e-05
5.7525 6.40831e-06
5.7575 2.24291e-05
5.7625 1.92249e-05
5.7675 1.28166e-05
5.7725 3.20415e-06
5.7775 6.40831e-06
5.7825 6.40831e-06
5.7875 9.61246e-06
5.7925 6.40831e-06
5.7975 9.61246e-06
5.8025 3.20415e-06
5.8075 9.61246e-06
5.8125 1.60208e-05
5.8175 9.61246e-06
5.8275 6.40831e-06
5.8325 1.28166e-05
5.8375 3.20415e-06
5.8425 6.40831e-06
5.8475 9.61246e-06
5.8525 9.61246e-06
5.8575 6.40831e-06
5.8625 9.61246e-06
5.8675 3.20415e-06
5.8725 6.40831e-06
5.8775 3.20415e-06
5.8825 9.61246e-06
5.8875 9.61246e-06
5.8925 6.40831e-06
5.8975 1.28166e-05
5.9025 1.92249e-05
5.9075 6.40831e-06
5.9125 9.61246e-06
5.9175 3.20415e-06
5.9225 6.40831e-06
5.9275 1.28166e-05
5.9325 9.61246e-06
5.9375 6.40831e-06
5.9425 9.61246e-06
5.9475 9.61246e-06
5.9525 1.60208e-05
5.9575 6.40831e-06
5.9625 6.40831e-06
5.9675 6.40831e-06
5.9725 9.61246e-06
5.9775 6.40831e-06
5.9825 6.40831e-06
5.9875 1.28166e-05
5.9925 1.60208e-05
5.9975 6.40831e-06
6.0025 6.40831e-06
6.0075 1.28166e-05
6.0175 3.20415e-06
6.0225 6.40831e-06
6.0275 6.40831e-06
6.0325 2.24291e-05
6.0425 1.28166e-05
6.0475 1.28166e-05
6.0525 1.28166e-05
6.0575 9.61246e-06
6.0625 6.40831e-06
6.0675 3.20415e-06
6.0725 6.40831e-06
6.0775 3.20415e-06
6.0825 9.61246e-06
6.0875 6.40831e-06
6.0925 9.61246e-06
6.0975 6.40831e-06
6.1025 1.28166e-05
6.1075 1.28166e-05
6.1125 1.28166e-05
6.1175 9.61246e-06
6.1225 3.20415e-06
6.1275 3.20415e-06
6.1325 9.61246e-06
6.1375 6.40831e-06
6.1425 1.28166e-05
6.1475 9.61246e-06
6.1525 9.61246e-06
6.1575 9.61246e-06
6.1625 1.28166e-05
6.1675 1.92249e-05
6.1725 9.61246e-06
6.1775 3.20415e-06
6.1825 1.60208e-05
6.1875 3.20415e-06
6.1975 9.61246e-06
6.2025 3.20415e-06
6.2075 6.40831e-06
6.2125 1.28166e-05
6.2175 9.61246e-06
6.2225 2.24291e-05
6.2275 6.40831e-06
6.2325 1.60208e-05
6.2375 6.40831e-06
6.2425 1.28166e-05
6.2475 3.20415e-06
6.2525 3.20415e-06
6.2575 6.40831e-06
6.2625 9.61246e-06
6.2675 3.20415e-06
6.2725 9.61246e-06
6.2775 3.20415e-06
6.2825 1.28166e-05
6.2875 1.28166e-05
6.2925 3.20415e-06
6.2975 6.40831e-06
6.3025 3.20415e-06
6.3075 1.28166e-05
6.3125 6.40831e-06
6.3225 1.60208e-05
6.3275 9.61246e-06
6.3325 3.20415e-06
6.3375 3.20415e-06
6.3425 9.61246e-06
6.3475 9.61246e-06
6.3525 9.61246e-06
6.3575 1.28166e-05
6.3625 9.61246e-06
6.3675 1.28166e-05
6.3725 6.40831e-06
6.3775 9.61246e-06
6.3825 6.40831e-06
6.3875 6.40831e-06
6.3925 9.61246e-06
6.3975 3.20415e-06
6.4025 6.40831e-06
6.4075 6.40831e-06
6.4125 1.60208e-05
6.4175 1.92249e-05
6.4225 3.20415e-06
6.4275 6.40831e-06
6.4325 3.20415e-06
6.4375 1.28166e-05
6.4425 6.40831e-06
6.4475 9.61246e-06
6.4525 1.28166e-05
6.4575 1.60208e-05
6.4625 3.20415e-06
6.4675 9.61246e-06
6.4725 6.40831e-06
6.4775 6.40831e-06
6.4825 3.20415e-06
6.4875 1.60208e-05
6.4925 9.61246e-06
6.4975 3.20415e-06
6.5025 9.61246e-06
6.5075 9.61246e-06
6.5125 3.20415e-06
6.5175 1.60208e-05
6.5225 3.20415e-06
6.5275 1.60208e-05
6.5325 9.61246e-06
6.5375 3.20415e-06
6.5425 9.61246e-06
6.5475 1.28166e-05
6.5525 9.61246e-06
6.5575 9.61246e-06
6.5625 1.28166e-05
6.5675 1.28166e-05
6.5725 9.61246e-06
6.5775 6.40831e-06
6.5825 6.40831e-06
6.5875 6.40831e-06
6.5925 6.40831e-06
6.5975 6.40831e-06
6.6075 1.28166e-05
6.6125 1.60208e-05
6.6175 9.61246e-06
6.6225 1.28166e-05
6.6275 3.20415e-06
6.6325 9.61246e-06
6.6375 1.60208e-05
6.6425 1.28166e-05
6.6475 3.20415e-06
6.6525 3.20415e-06
6.6575 1.28166e-05
6.6625 9.61246e-06
6.6675 1.60208e-05
6.6725 1.28166e-05
6.6775 9.61246e-06
6.6825 1.60208e-05
6.6875 1.28166e-05
6.6925 1.60208e-05
6.7025 1.60208e-05
6.7075 9.61246e-06
6.7125 6.40831e-06
6.7175 6.40831e-06
6.7225 3.20415e-06
6.7275 6.40831e-06
6.7425 9.61246e-06
6.7475 9.61246e-06
6.7525 1.28166e-05
6.7575 1.60208e-05
6.7625 3.20415e-06
6.7675 9.61246e-06
6.7725 3.20415e-06
6.7775 1.28166e-05
6.7825 9.61246e-06
6.7875 9.61246e-06
6.7925 9.61246e-06
6.7975 9.61246e-06
6.8025 9.61246e-06
6.8075 1.60208e-05
6.8125 1.28166e-05
6.8175 6.40831e-06
6.8225 3.20415e-06
6.8275 2.56332e-05
6.8325 2.24291e-05
6.8375 6.40831e-06
6.8425 2.24291e-05
6.8475 2.56332e-05
6.8525 9.61246e-06
6.8575 6.40831e-06
6.8625 1.92249e-05
6.8675 6.40831e-06
6.8725 1.60208e-05
6.8775 3.20415e-06
6.8825 1.60208e-05
6.8875 1.28166e-05
6.8925 1.28166e-05
6.8975 1.28166e-05
6.9025 1.28166e-05
6.9075 1.28166e-05
6.9125 9.61246e-06
6.9175 1.28166e-05
6.9225 1.28166e-05
6.9275 6.40831e-06
6.9325 1.28166e-05
6.9375 1.28166e-05
6.9425 1.28166e-05
6.9475 3.20415e-05
6.9525 1.28166e-05
6.9575 6.40831e-06
6.9625 1.60208e-05
6.9675 9.61246e-06
6.9725 9.61246e-06
6.9775 3.20415e-06
6.9825 1.28166e-05
6.9875 3.20415e-06
6.9925 1.28166e-05
6.9975 9.61246e-06
7.0025 3.20415e-06
7.0075 1.28166e-05
7.0125 2.56332e-05
7.0175 1.28166e-05
7.0225 6.40831e-06
7.0275 3.20415e-06
7.0325 9.61246e-06
7.0375 1.60208e-05
7.0425 1.60208e-05
7.0475 2.24291e-05
7.0525 1.28166e-05
7.0575 1.28166e-05
7.0625 2.24291e-05
7.0675 9.61246e-06
7.0725 3.20415e-06
7.0775 1.28166e-05
7.0825 9.61246e-06
7.0875 1.28166e-05
7.0925 1.60208e-05
7.0975 1.28166e-05
7.1025 1.28166e-05
7.1075 1.60208e-05
7.1125 2.24291e-05
7.1175 3.20415e-05
7.1225 1.60208e-05
7.1275 1.28166e-05
7.1325 2.56332e-05
7.1375 1.92249e-05
7.1425 1.92249e-05
7.1475 1.60208e-05
7.1525 2.24291e-05
7.1575 2.24291e-05
7.1625 2.88374e-05
7.1675 1.60208e-05
7.1725 1.92249e-05
7.1775 4.1654e-05
7.1825 2.56332e-05
7.1875 2.88374e-05
7.1925 2.88374e-05
7.1975 2.56332e-05
7.2025 4.1654e-05
7.2075 4.1654e-05
7.2125 1.92249e-05
7.2175 2.88374e-05
7.2225 2.88374e-05
7.2275 2.56332e-05
7.2325 4.1654e-05
7.2375 3.20415e-05
7.2425 6.72872e-05
7.2475 4.48581e-05
7.2525 8.01038e-05
7.2575 5.12664e-05
7.2625 4.48581e-05
7.2675 6.08789e-05
7.2725 4.80623e-05
7.2775 6.72872e-05
7.2825 5.76747e-05
7.2875 3.20415e-05
7.2925 7.04914e-05
7.2975 4.1654e-05
7.3025 6.40831e-05
7.3075 6.72872e-05
7.3125 7.04914e-05
7.3175 8.65121e-05
7.3225 6.72872e-05
7.3275 6.40831e-05
7.3325 6.08789e-05
7.3375 7.36955e-05
7.3425 8.97163e-05
7.3475 9.29204e-05
7.3525 0.000108941
7.3575 0.000124962
7.3625 8.3308e-05
7.3675 9.29204e-05
7.3725 0.000115349
7.3775 0.000121758
7.3825 0.000157003
7.3875 0.000134574
7.3925 0.000121758
7.3975 0.000173024
7.4025 0.000153799
7.4075 0.000205066
7.4125 0.000221087
7.4175 0.000214678
7.4225 0.000201862
7.4275 0.000240311
7.4325 0.000262741
7.4375 0.000214678
7.4425 0.000224291
7.4475 0.000259536
7.4525 0.000233903
7.4575 0.000310803
7.4625 0.000297986
7.4675 0.000297986
7.4725 0.000371682
7.4775 0.000352457
7.4825 0.000346048
7.4875 0.000438969
7.4925 0.000400519
7.4975 0.000400519
7.5025 0.000496644
7.5075 0.000496644
7.5125 0.000541502
7.5175 0.000592768
7.5225 0.000554318
7.5275 0.00058636
7.5325 0.000666464
7.5375 0.000749772
7.5425 0.000647239
7.5475 0.000704914
7.5525 0.000762588
7.5575 0.000749772
7.5625 0.000945225
7.5675 0.000922796
7.5725 0.000977267
7.5775 0.000945225
7.5825 0.00100931
7.5875 0.00111184
7.5925 0.00113427
7.5975 0.00121758
7.6025 0.00125603
7.6075 0.00138099
7.6125 0.0013906
7.6175 0.00139701
7.6225 0.00155401
7.6275 0.00148352
7.6325 0.00170461
7.6375 0.0017751
7.6425 0.00201221
7.6475 0.002009
7.6525 0.00202823
7.6575 0.00212115
7.6625 0.00232301
7.6675 0.00242875
7.6725 0.00249924
7.6775 0.00261779
7.6825 0.00263381
7.6875 0.00291257
7.6925 0.00289335
7.6975 0.00296064
7.7025 0.00335154
7.7075 0.00335475
7.7125 0.003547
7.7175 0.00354379
7.7225 0.003704
7.7275 0.00380974
7.7325 0.00387382
7.7375 0.00443134
7.7425 0.00612634
7.7475 0.00590846
7.7525 0.00616799
7.7575 0.0061744
7.7625 0.00584437
7.7675 0.00612954
7.7725 0.00608789
7.7775 0.00611352
7.7825 0.00615518
7.7875 0.00636665
7.7925 0.00612634
7.7975 0.00621926
7.8025 0.00614556
7.8075 0.00643073
7.8125 0.00626412
7.8175 0.00884346
7.8225 0.0101315
7.8275 0.010154
7.8325 0.0100034
7.8375 0.00996171
7.8425 0.01017
7.8475 0.0100899
7.8525 0.00994249
7.8575 0.0102341
7.8625 0.0110671
7.8675 0.0136817
7.8725 0.0138131
7.8775 0.0134382
7.8825 0.014015
7.8875 0.0138099
7.8925 0.0134478
7.8975 0.0151108
7.9025 0.0172736
7.9075 0.0171999
7.9125 0.0171646
7.9175 0.0173216
7.9225 0.0173249
7.9275 0.020702
7.9325 0.0210064
7.9375 0.0211025
7.9425 0.0209904
7.9475 0.0222208
7.9525 0.0243644
7.9575 0.0242298
7.9625 0.0246079
7.9675 0.0259504
7.9725 0.0272513
7.9775 0.0275974
7.9825 0.0284785
7.9875 0.0307951
7.9925 0.0307503
7.9975 0.0312084
8.0025 0.0344478
8.0075 0.0342652
8.0125 0.0352232
8.0175 0.0370496
8.0225 0.0376937
8.0275 0.0397091
8.0325 0.0405486
8.0375 0.0419616
8.0425 0.0433169
8.0475 0.0443519
8.0525 0.0469537
8.0575 0.047383
8.0625 0.0504109
8.0675 0.0504814
8.0725 0.0526122
8.0775 0.0549352
8.0825 0.0549704
8.0875 0.057899
8.0925 0.0591871
8.0975 0.0619875
8.1025 0.0633878
8.1075 0.0647399
8.1125 0.0682997
8.1175 0.0702991
8.1225 0.0712988
8.1275 0.0730451
8.1325 0.076371
8.1375 0.0791265
8.1425 0.081331
8.1475 0.0836572
8.1525 0.0849165
8.1575 0.0886461
8.1625 0.0905109
8.1675 0.0931095
8.1725 0.0954902
8.1775 0.0990532
8.1825 0.102088
8.1875 0.103882
8.1925 0.107615
8.1975 0.110796
8.2025 0.113091
8.2075 0.116727
8.2125 0.119217
8.2175 0.122908
8.2225 0.127464
8.2275 0.129089
8.2325 0.132828
8.2375 0.136548
8.2425 0.140259
8.2475 0.144376
8.2525 0.147724
8.2575 0.152085
8.2625 0.154873
8.2675 0.15892
8.2725 0.162422
8.2775 0.166347
8.2825 0.171544
8.2875 0.174966
8.2925 0.179292
8.2975 0.182525
8.3025 0.189138
8.3075 0.194428
8.3125 0.199196
8.3175 0.202038
8.3225 0.208549
8.3275 0.213288
8.3325 0.217293
8.3375 0.223906
8.3425 0.226716
8.3475 0.233089
8.3525 0.238325
8.3575 0.243138
8.3625 0.247502
8.3675 0.25367
8.3725 0.259757
8.3775 0.2649
8.3825 0.271062
8.3875 0.277806
8.3925 0.282376
8.3975 0.289572
8.4025 0.293978
8.4075 0.300562
8.4125 0.306599
8.4175 0.31335
8.4225 0.316243
8.4275 0.324023
8.4325 0.332367
8.4375 0.339035
8.4425 0.345225
8.4475 0.348996
8.4525 0.357615
8.4575 0.36446
8.4625 0.370153
8.4675 0.377504
8.4725 0.386097
8.4775 0.391682
8.4825 0.398814
8.4875 0.405665
8.4925 0.412833
8.4975 0.420378
8.5025 0.42852
8.5075 0.436037
8.5125 0.443647
8.5175 0.450382
8.5225 0.45747
8.5275 0.465253
8.5325 0.470956
8.5375 0.47996
8.5425 0.486881
8.5475 0.495589
8.5525 0.502972
8.5575 0.511854
8.5625 0.518413
8.5675 0.526135
8.5725 0.53187
8.5775 0.541582
8.5825 0.548118
8.5875 0.55865
8.5925 0.563524
8.5975 0.572582
8.6025 0.580999
8.6075 0.590692
8.6125 0.596902
8.6175 0.605758
8.6225 0.613919
8.6275 0.622061
8.6325 0.627203
8.6375 0.63497
8.6425 0.642276
8.6475 0.65168
8.6525 0.662683
8.6575 0.667624
8.6625 0.674897
8.6675 0.680963
8.6725 0.689893
8.6775 0.69848
8.6825 0.705359
8.6875 0.715548
8.6925 0.721569
8.6975 0.730188
8.7025 0.737106
8.7075 0.743927
8.7125 0.750999
8.7175 0.760615
8.7225 0.765527
8.7275 0.771435
8.7325 0.781563
8.7375 0.787049
8.7425 0.795197
8.7475 0.804749
8.7525 0.811448
8.7575 0.816761
8.7625 0.819645
8.7675 0.829536
8.7725 0.837357
8.7775 0.843618
8.7825 0.848947
8.7875 0.85706
8.7925 0.860123
8.7975 0.86466
8.8025 0.870876
8.8075 0.879719
8.8125 0.884401
8.8175 0.890351
8.8225 0.898041
8.8275 0.900591
8.8325 0.90683
8.8375 0.912382
8.8425 0.914449
8.8475 0.920047
8.8525 0.926798
8.8575 0.931643
8.8625 0.936398
8.8675 0.93792
8.8725 0.944482
8.8775 0.944933
8.8825 0.952232
8.8875 0.955414
8.8925 0.957314
8.8975 0.96114
8.9025 0.968933
8.9075 0.967151
8.9125 0.972335
8.9175 0.974713
8.9225 0.981217
8.9275 0.979737
8.9325 0.98463
8.9375 0.982406
8.9425 0.982999
8.9475 0.984764
8.9525 0.991217
8.9575 0.993089
8.9625 0.991996
8.9675 0.994184
8.9725 0.994482
8.9775 0.994761
8.9825 0.995953
8.9875 0.993662
8.9925 0.994989
8.9975 0.997818
9.0025 0.993675
9.0075 0.998975
9.0125 1
9.0175 0.99472
9.0225 0.999814
9.0275 0.996767
9.0325 0.99288
9.0375 0.990637
9.0425 0.989859
9.0475 0.989977
9.0525 0.990259
9.0575 0.985222
9.0625 0.983569
9.0675 0.985078
9.0725 0.98207
9.0775 0.97611
9.0825 0.973297
9.0875 0.97181
9.0925 0.970413
9.0975 0.963383
9.1025 0.964546
9.1075 0.957263
9.1125 0.949768
9.1175 0.951268
9.1225 0.946942
9.1275 0.944094
9.1325 0.941649
9.1375 0.934017
9.1425 0.931668
9.1475 0.92823
9.1525 0.925247
9.1575 0.917009
9.1625 0.910527
9.1675 0.902805
9.1725 0.900466
9.1775 0.897019
9.1825 0.887384
9.1875 0.885205
9.1925 0.880895
9.1975 0.871645
9.2025 0.866803
9.2075 0.859713
9.2125 0.855752
9.2175 0.845935
9.2225 0.841612
9.2275 0.833781
9.2325 0.829994
9.2375 0.822554
9.2425 0.817424
9.2475 0.81066
9.2525 0.799913
9.2575 0.79247
9.2625 0.786908
9.2675 0.778503
9.2725 0.768311
9.2775 0.766292
9.2825 0.757465
9.2875 0.749813
9.2925 0.743719
9.2975 0.734395
9.3025 0.725218
9.3075 0.720265
9.3125 0.714834
9.3175 0.705753
9.3225 0.698303
9.3275 0.688406
9.3325 0.681014
9.3375 0.674215
9.3425 0.665381
9.3475 0.659937
9.3525 0.648415
9.3575 0.643814
9.3625 0.636636
9.3675 0.627402
9.3725 0.620853
9.3775 0.612413
9.3825 0.604563
9.3875 0.59356
9.3925 0.586088
9.3975 0.578494
9.4025 0.573181
9.4075 0.562303
9.4125 0.556106
9.4175 0.546984
9.4225 0.542274
9.4275 0.53277
9.4325 0.523648
9.4375 0.518127
9.4425 0.507685
9.4475 0.503014
9.4525 0.492901
9.4575 0.487746
9.4625 0.4778
9.4675 0.470998
9.4725 0.46598
9.4775 0.45654
9.4825 0.44937
9.4875 0.443506
9.4925 0.433868
9.4975 0.427181
9.5025 0.419449
9.5075 0.411583
9.5125 0.407546
9.5175 0.398545
9.5225 0.389756
9.5275 0.385062
9.5325 0.378356
9.5375 0.370845
9.5425 0.36272
9.5475 0.355504
9.5525 0.350262
9.5575 0.345783
9.5625 0.336891
9.5675 0.330374
9.5725 0.324609
9.5775 0.318957
9.5825 0.3112
9.5875 0.305554
9.5925 0.297275
9.5975 0.294093
9.6025 0.28895
9.6075 0.282609
9.6125 0.274798
9.6175 0.269537
9.6225 0.264785
9.6275 0.260023
9.6325 0.253743
9.6375 0.248184
9.6425 0.242715
9.6475 0.237812
9.6525 0.231458
9.6575 0.227658
9.6625 0.221436
9.6675 0.217123
9.6725 0.210997
9.6775 0.207825
9.6825 0.200529
9.6875 0.198475
9.6925 0.192852
9.6975 0.188366
9.7025 0.183845
9.7075 0.179586
9.7125 0.176888
9.7175 0.169865
9.7225 0.168099
9.7275 0.161999
9.7325 0.158977
9.7375 0.155248
9.7425 0.150887
9.7475 0.148439
9.7525 0.143767
9.7575 0.140569
9.7625 0.13616
9.7675 0.134331
9.7725 0.130534
9.7775 0.125725
9.7825 0.122799
9.7875 0.119467
9.7925 0.116493
9.7975 0.11285
9.8025 0.109886
9.8075 0.107688
9.8125 0.103891
9.8175 0.101187
9.8225 0.0992775
9.8275 0.0950704
9.8325 0.0938721
9.8375 0.0909563
9.8425 0.0868646
9.8475 0.0852689
9.8525 0.0834489
9.8575 0.0809145
9.8625 0.0783351
9.8675 0.0772649
9.8725 0.0741281
9.8775 0.0720229
9.8825 0.0691777
9.8875 0.0679953
9.8925 0.0649674
9.8975 0.0635095
9.9025 0.0618978
9.9075 0.0596229
9.9125 0.0588475
9.9175 0.0557042
9.9225 0.0541662
9.9275 0.0526538
9.9325 0.0508147
9.9375 0.0495971
9.9425 0.0472997
9.9475 0.0467934
9.9525 0.0443359
9.9575 0.0433137
9.9625 0.0416476
9.9675 0.04043
9.9725 0.0393021
9.9775 0.0374277
9.9825 0.0372162
9.9875 0.0351816
9.9925 0.0340153
9.9975 0.0343709
10.0025 0.0311251
10.0075 0.0310707
10.0125 0.0306445
10.0175 0.0279947
10.0225 0.0274692
10.0275 0.0270174
10.0325 0.0258703
10.0375 0.0244477
10.0425 0.0239799
10.0475 0.0240504
10.0525 0.0226341
10.0575 0.0204265
10.0625 0.0208911
10.0675 0.0207181
10.0725 0.0212083
10.0775 0.0173024
10.0825 0.01728
10.0875 0.0173024
10.0925 0.0171678
10.0975 0.0178439
10.1025 0.0152293
10.1075 0.0135472
10.1125 0.0138227
10.1175 0.0138644
10.1225 0.013701
10.1275 0.0138323
10.1325 0.0138195
10.1375 0.0115253
10.1425 0.010202
10.1475 0.0102052
10.1525 0.0103334
10.1575 0.0101411
10.1625 0.00998734
10.1675 0.0101283
10.1725 0.00985277
10.1775 0.0100418
10.1825 0.00886909
10.1875 0.00605905
10.1925 0.0064051
10.1975 0.00611032
10.2025 0.00632179
10.2075 0.00606546
10.2125 0.00628014
10.2175 0.00621606
10.2225 0.00616799
10.2275 0.00621926
10.2325 0.00616159
10.2375 0.0062481
10.2425 0.00618401
10.2475 0.0062481
10.2525 0.00615518
10.2575 0.0058636
10.2625 0.00418783
10.2675 0.00408529
10.2725 0.00412695
10.2775 0.00398597
10.2825 0.00352457
10.2875 0.00364312
10.2925 0.00335154
10.2975 0.00324581
10.3025 0.00318493
10.3075 0.00294462
10.3125 0.0028581
10.3175 0.002621
10.3225 0.00250565
10.3275 0.00248322
10.3325 0.0023903
10.3375 0.00230699
10.3425 0.0020795
10.3475 0.00194812
10.3525 0.0019321
10.3575 0.00188404
10.3625 0.00179433
10.3675 0.00159246
10.3725 0.00166936
10.3775 0.00159246
10.3825 0.00145469
10.3875 0.00143226
10.3925 0.00126244
10.3975 0.00117913
10.4025 0.00121437
10.4075 0.00105417
10.4125 0.00121117
10.4175 0.0010061
10.4225 0.00105096
10.4275 0.000977267
10.4325 0.000877938
10.4375 0.000839488
10.4425 0.000839488
10.4475 0.000759384
10.4525 0.000804242
10.4575 0.000762588
10.4625 0.000695301
10.4675 0.000583156
10.4725 0.000519073
10.4775 0.000618401
10.4825 0.000615197
10.4875 0.000483827
10.4925 0.000448581
10.4975 0.00047101
10.5025 0.000419744
10.5075 0.000394111
10.5125 0.000365273
10.5175 0.000390907
10.5225 0.000384498
10.5275 0.000317211
10.5325 0.000371682
10.5375 0.000358865
10.5425 0.000291578
10.5475 0.000294782
10.5525 0.000281965
10.5575 0.000275557
10.5625 0.000275557
10.5675 0.000256332
10.5725 0.000224291
10.5775 0.000253128
10.5825 0.000173024
10.5875 0.000153799
10.5925 0.000173024
10.5975 0.000176228
10.6025 0.000182637
10.6075 0.000137779
10.6125 0.000134574
10.6175 0.000137779
10.6225 0.00013137
10.6275 0.000166616
10.6325 0.000105737
10.6375 0.00013137
10.6425 8.97163e-05
10.6475 9.93287e-05
10.6525 7.36955e-05
10.6575 8.3308e-05
10.6625 9.93287e-05
10.6675 8.97163e-05
10.6725 9.93287e-05
10.6775 8.01038e-05
10.6825 5.12664e-05
10.6875 8.01038e-05
10.6925 7.04914e-05
10.6975 5.76747e-05
10.7025 5.44706e-05
10.7075 5.44706e-05
10.7125 5.12664e-05
10.7175 3.84498e-05
10.7225 6.08789e-05
10.7275 5.44706e-05
10.7325 3.84498e-05
10.7375 3.84498e-05
10.7425 2.88374e-05
10.7475 2.88374e-05
10.7525 4.80623e-05
10.7575 2.56332e-05
10.7625 4.1654e-05
10.7675 4.80623e-05
10.7725 3.52457e-05
10.7775 1.92249e-05
10.7825 3.20415e-05
10.7875 3.20415e-05
10.7925 2.56332e-05
10.7975 3.52457e-05
10.8025 2.56332e-05
10.8075 2.24291e-05
10.8125 3.52457e-05
10.8175 2.56332e-05
10.8225 2.88374e-05
10.8275 1.92249e-05
10.8325 2.24291e-05
10.8375 2.24291e-05
10.8425 3.20415e-05
10.8475 1.92249e-05
10.8525 1.92249e-05
10.8575 1.28166e-05
10.8625 6.40831e-06
10.8675 3.20415e-06
10.8725 1.60208e-05
10.8775 3.20415e-06
10.8825 1.28166e-05
10.8875 1.60208e-05
10.8925 1.92249e-05
10.8975 1.92249e-05
10.9025 3.52457e-05
10.9075 1.92249e-05
10.9125 9.61246e-06
10.9175 2.24291e-05
10.9225 1.60208e-05
10.9275 6.40831e-06
10.9325 1.60208e-05
10.9375 1.60208e-05
10.9425 1.60208e-05
10.9475 9.61246e-06
10.9525 9.61246e-06
10.9625 6.40831e-06
10.9675 1.92249e-05
10.9725 9.61246e-06
10.9775 9.61246e-06
10.9825 9.61246e-06
10.9875 1.92249e-05
10.9925 3.20415e-06
10.9975 6.40831e-06
11.0025 9.61246e-06
11.0075 6.40831e-06
11.0125 1.28166e-05
11.0175 9.61246e-06
11.0225 6.40831e-06
11.0275 1.60208e-05
11.0325 9.61246e-06
11.0425 6.40831e-06
11.0475 9.61246e-06
11.0525 1.28166e-05
11.0575 6.40831e-06
11.0625 9.61246e-06
11.0675 6.40831e-06
11.0725 3.20415e-06
11.0775 3.20415e-06
11.0825 6.40831e-06
11.0875 9.61246e-06
11.0925 2.56332e-05
11.0975 1.28166e-05
11.1025 9.61246e-06
11.1075 6.40831e-06
11.1125 1.60208e-05
11.1175 1.28166e-05
11.1225 1.60208e-05
11.1275 1.28166e-05
11.1375 1.60208e-05
11.1475 3.20415e-06
11.1525 1.60208e-05
11.1575 6.40831e-06
11.1625 2.56332e-05
11.1675 6.40831e-06
11.1725 6.40831e-06
11.1775 6.40831e-06
11.1825 6.40831e-06
11.1875 1.92249e-05
11.1925 3.20415e-06
11.1975 9.61246e-06
11.2025 9.61246e-06
11.2075 1.92249e-05
11.2125 1.28166e-05
11.2175 3.20415e-05
11.2225 9.61246e-06
11.2275 3.20415e-06
11.2325 1.60208e-05
11.2375 9.61246e-06
11.2425 9.61246e-06
11.2525 3.20415e-06
11.2575 6.40831e-06
11.2625 1.28166e-05
11.2675 1.28166e-05
11.2725 1.60208e-05
11.2775 1.92249e-05
11.2825 9.61246e-06
11.2875 1.28166e-05
11.2925 6.40831e-06
11.2975 3.20415e-06
11.3025 3.20415e-06
11.3075 1.60208e-05
11.3125 1.60208e-05
11.3175 9.61246e-06
11.3225 6.40831e-06
11.3275 6.40831e-06
11.3325 1.60208e-05
11.3425 1.60208e-05
11.3475 3.20415e-06
11.3525 9.61246e-06
11.3575 6.40831e-06
11.3625 1.60208e-05
11.3675 9.61246e-06
11.3725 9.61246e-06
11.3775 9.61246e-06
11.3825 2.24291e-05
11.3875 1.28166e-05
11.3925 9.61246e-06
11.3975 6.40831e-06
11.4025 3.20415e-06
11.4075 6.40831e-06
11.4125 1.28166e-05
11.4175 6.40831e-06
11.4225 9.61246e-06
11.4275 3.20415e-06
11.4325 1.28166e-05
11.4375 6.40831e-06
11.4425 1.60208e-05
11.4475 1.28166e-05
11.4525 3.20415e-06
11.4575 1.28166e-05
11.4675 6.40831e-06
11.4725 3.20415e-06
11.4775 3.20415e-06
11.4825 3.20415e-06
11.4875 9.61246e-06
11.4925 9.61246e-06
11.4975 2.24291e-05
11.5025 3.20415e-06
11.5075 6.40831e-06
11.5125 3.20415e-06
11.5175 9.61246e-06
11.5225 6.40831e-06
11.5275 9.61246e-06
11.5325 3.20415e-06
11.5425 9.61246e-06
11.5475 9.61246e-06
11.5525 9.61246e-06
11.5575 3.20415e-06
11.5625 1.60208e-05
11.5725 9.61246e-06
11.5775 1.28166e-05
11.5825 6.40831e-06
11.5875 9.61246e-06
11.5925 6.40831e-06
11.5975 3.20415e-06
11.6025 3.20415e-06
11.6075 6.40831e-06
11.6125 3.20415e-06
11.6175 6.40831e-06
11.6225 1.28166e-05
11.6275 1.28166e-05
11.6325 1.60208e-05
11.6375 3.20415e-06
11.6425 3.20415e-06
11.6475 6.40831e-06
11.6525 6.40831e-06
11.6575 1.60208e-05
11.6625 6.40831e-06
11.6675 6.40831e-06
11.6725 1.28166e-05
11.6775 1.92249e-05
11.6825 1.28166e-05
11.6875 1.60208e-05
11.6925 9.61246e-06
11.6975 6.40831e-06
11.7025 9.61246e-06
11.7075 3.20415e-06
11.7125 6.40831e-06
11.7225 9.61246e-06
11.7275 3.20415e-06
11.7325 9.61246e-06
11.7375 6.40831e-06
11.7425 1.28166e-05
11.7475 1.28166e-05
11.7525 3.20415e-06
11.7625 6.40831e-06
11.7675 9.61246e-06
11.7725 6.40831e-06
11.7775 3.20415e-06
11.7825 1.28166e-05
11.7875 9.61246e-06
11.7925 3.20415e-06
11.7975 9.61246e-06
11.8025 1.28166e-05
11.8075 6.40831e-06
11.8125 6.40831e-06
11.8175 1.28166e-05
11.8225 9.61246e-06
11.8275 9.61246e-06
11.8325 6.40831e-06
11.8375 1.60208e-05
11.8425 1.28166e-05
11.8475 3.20415e-06
11.8525 9.61246e-06
11.8575 6.40831e-06
11.8625 9.61246e-06
11.8675 9.61246e-06
11.8725 6.40831e-06
11.8775 6.40831e-06
11.8875 1.28166e-05
11.8925 1.60208e-05
11.8975 3.20415e-06
11.9025 1.28166e-05
11.9075 9.61246e-06
11.9125 9.61246e-06
11.9175 6.40831e-06
11.9225 1.28166e-05
11.9275 1.92249e-05
11.9375 9.61246e-06
11.9425 9.61246e-06
11.9475 1.60208e-05
11.9525 9.61246e-06
11.9575 6.40831e-06
11.9625 1.28166e-05
11.9675 1.92249e-05
11.9725 3.20415e-06
11.9775 6.40831e-06
11.9825 6.40831e-06
11.9875 6.40831e-06
11.9925 9.61246e-06
11.9975 9.61246e-06
12.0025 1.60208e-05
12.0075 1.60208e-05
12.0125 9.61246e-06
12.0175 3.20415e-06
12.0225 1.28166e-05
12.0275 9.61246e-06
12.0325 1.60208e-05
12.0375 6.40831e-06
12.0425 1.92249e-05
12.0475 1.28166e-05
12.0525 3.20415e-06
12.0625 6.40831e-06
12.0675 2.56332e-05
12.0725 2.56332e-05
12.0775 3.20415e-06
12.0825 9.61246e-06
12.0875 6.40831e-06
12.0975 3.20415e-06
12.1025 6.40831e-06
12.1075 6.40831e-06
12.1125 2.24291e-05
12.1175 6.40831e-06
12.1225 6.40831e-06
12.1275 9.61246e-06
12.1325 3.20415e-06
12.1375 3.20415e-06
12.1425 9.61246e-06
12.1475 3.20415e-06
12.1525 6.40831e-06
12.1575 6.40831e-06
12.1625 9.61246e-06
12.1675 9.61246e-06
12.1725 6.40831e-06
12.1825 6.40831e-06
12.1875 9.61246e-06
12.1925 3.20415e-06
12.1975 6.40831e-06
12.2025 6.40831e-06
12.2125 9.61246e-06
12.2175 3.20415e-06
12.2225 1.92249e-05
12.2275 6.40831e-06
12.2325 6.40831e-06
12.2375 9.61246e-06
12.2425 6.40831e-06
12.2475 1.28166e-05
12.2525 1.28166e-05
12.2575 1.28166e-05
12.2625 1.28166e-05
12.2675 6.40831e-06
12.2725 1.60208e-05
12.2775 1.92249e-05
12.2825 1.28166e-05
12.2875 6.40831e-06
12.2925 9.61246e-06
12.2975 9.61246e-06
12.3075 6.40831e-06
12.3125 9.61246e-06
12.3225 9.61246e-06
12.3275 1.28166e-05
12.3325 6.40831e-06
12.3425 3.20415e-06
12.3475 9.61246e-06
12.3525 9.61246e-06
12.3575 6.40831e-06
12.3675 3.20415e-06
12.3725 9.61246e-06
12.3775 1.60208e-05
12.3825 1.28166e-05
12.3875 6.40831e-06
12.3925 3.20415e-06
12.4075 6.40831e-06
12.4125 6.40831e-06
12.4175 1.28166e-05
12.4225 9.61246e-06
12.4275 1.60208e-05
12.4325 1.28166e-05
12.4375 1.28166e-05
12.4425 9.61246e-06
12.4475 6.40831e-06
12.4525 3.20415e-06
12.4575 6.40831e-06
12.4625 9.61246e-06
12.4675 3.20415e-06
12.4725 1.28166e-05
12.4775 9.61246e-06
12.4825 3.20415e-06
12.4875 1.28166e-05
12.4925 2.24291e-05
12.4975 6.40831e-06
12.5025 6.40831e-06
12.5075 2.56332e-05
12.5125 1.92249e-05
12.5175 6.40831e-06
12.5225 3.20415e-06
12.5275 1.28166e-05
12.5325 9.61246e-06
12.5375 1.28166e-05
12.5425 1.28166e-05
12.5475 3.20415e-06
12.5525 6.40831e-06
12.5575 6.40831e-06
12.5625 6.40831e-06
12.5675 3.20415e-06
12.5725 9.61246e-06
12.5775 6.40831e-06
12.5825 3.20415e-06
12.5925 1.92249e-05
12.5975 1.28166e-05
12.6025 6.40831e-06
12.6075 9.61246e-06
12.6125 3.20415e-06
12.6175 6.40831e-06
12.6225 3.20415e-06
12.6275 9.61246e-06
12.6325 1.92249e-05
12.6375 6.40831e-06
12.6425 1.92249e-05
12.6475 6.40831e-06
12.6525 6.40831e-06
12.6575 6.40831e-06
12.6625 9.61246e-06
12.6675 9.61246e-06
12.6725 9.61246e-06
12.6775 3.20415e-06
12.6875 1.60208e-05
12.6925 9.61246e-06
12.6975 3.20415e-06
12.7025 3.20415e-06
12.7075 6.40831e-06
12.7125 6.40831e-06
12.7225 3.20415e-06
12.7275 3.20415e-06
12.7325 1.28166e-05
12.7375 6.40831e-06
12.7425 6.40831e-06
12.7475 1.92249e-05
12.7525 3.20415e-06
12.7575 6.40831e-06
12.7625 1.60208e-05
12.7675 6.40831e-06
12.7725 9.61246e-06
12.7775 6.40831e-06
12.7825 9.61246e-06
12.7875 1.28166e-05
12.7925 1.28166e-05
12.7975 6.40831e-06
12.8025 1.28166e-05
12.8075 1.28166e-05
12.8125 6.40831e-06
12.8175 6.40831e-06
12.8225 9.61246e-06
12.8275 1.28166e-05
12.8325 1.28166e-05
12.8375 1.28166e-05
12.8425 6.40831e-06
12.8475 3.20415e-06
12.8525 1.28166e-05
12.8575 3.20415e-06
12.8625 3.20415e-06
12.8675 9.61246e-06
12.8725 9.61246e-06
12.8775 1.28166e-05
12.8825 3.20415e-06
12.8875 3.20415e-06
12.8925 1.60208e-05
12.8975 6.40831e-06
12.9025 9.61246e-06
12.9075 6.40831e-06
12.9125 9.61246e-06
12.9175 1.60208e-05
12.9225 2.24291e-05
12.9275 3.20415e-06
12.9325 9.61246e-06
12.9375 1.60208e-05
12.9425 9.61246e-06
12.9475 6.40831e-06
12.9525 6.40831e-06
12.9575 6.40831e-06
12.9625 6.40831e-06
12.9675 3.20415e-06
12.9725 3.20415e-06
12.9775 1.28166e-05
12.9875 3.20415e-06
12.9975 3.20415e-06
13.0025 6.40831e-06
13.0075 9.61246e-06
13.0125 6.40831e-06
13.0175 1.28166e-05
13.0225 6.40831e-06
13.0275 3.20415e-06
13.0325 9.61246e-06
13.0375 9.61246e-06
13.0425 6.40831e-06
13.0475 3.20415e-06
13.0525 1.28166e-05
13.0575 6.40831e-06
13.0625 9.61246e-06
13.0725 6.40831e-06
13.0775 9.61246e-06
13.0825 1.28166e-05
13.0875 9.61246e-06
13.0975 3.20415e-06
13.1025 9.61246e-06
13.1075 6.40831e-06
13.1125 6.40831e-06
13.1175 1.60208e-05
13.1225 1.60208e-05
13.1275 9.61246e-06
13.1325 9.61246e-06
13.1375 3.20415e-06
13.1425 6.40831e-06
13.1475 6.40831e-06
13.1525 3.20415e-06
13.1575 3.20415e-06
13.1625 6.40831e-06
13.1725 9.61246e-06
13.1775 3.20415e-06
13.1825 9.61246e-06
13.1925 3.20415e-06
13.1975 9.61246e-06
13.2025 6.40831e-06
13.2075 3.20415e-06
13.2125 9.61246e-06
13.2175 6.40831e-06
13.2225 6.40831e-06
13.2325 6.40831e-06
13.2425 6.40831e-06
13.2475 2.24291e-05
13.2575 3.20415e-06
13.2625 9.61246e-06
13.2675 6.40831e-06
13.2725 1.60208e-05
13.2775 6.40831e-06
13.2825 9.61246e-06
13.2875 9.61246e-06
13.2925 1.28166e-05
13.2975 1.60208e-05
13.3025 3.20415e-06
13.3125 3.20415e-06
13.3175 9.61246e-06
13.3225 3.20415e-06
13.3275 6.40831e-06
13.3325 9.61246e-06
13.3375 6.40831e-06
13.3425 1.60208e-05
13.3525 1.28166e-05
13.3575 1.28166e-05
13.3625 1.28166e-05
13.3725 1.28166e-05
13.3775 1.92249e-05
13.3825 6.40831e-06
13.3875 3.20415e-06
13.3925 3.20415e-06
13.3975 1.28166e-05
13.4025 3.20415e-06
13.4075 1.60208e-05
13.4125 6.40831e-06
13.4175 3.20415e-06
13.4225 1.28166e-05
13.4275 1.28166e-05
13.4325 3.20415e-06
13.4375 6.40831e-06
13.4425 3.20415e-06
13.4475 3.20415e-06
13.4525 6.40831e-06
13.4575 3.20415e-06
13.4625 9.61246e-06
13.4725 3.20415e-06
13.4775 3.20415e-06
13.4825 9.61246e-06
13.4875 6.40831e-06
13.4925 1.60208e-05
13.4975 1.28166e-05
13.5025 1.28166e-05
13.5125 6.40831e-06
13.5225 6.40831e-06
13.5275 1.28166e-05
13.5325 6.40831e-06
13.5375 6.40831e-06
13.5475 1.28166e-05
13.5575 3.20415e-06
13.5625 1.28166e-05
13.5675 3.20415e-06
13.5725 6.40831e-06
13.5775 1.28166e-05
13.5875 6.40831e-06
13.5925 9.61246e-06
13.5975 3.20415e-06
13.6025 6.40831e-06
13.6075 1.92249e-05
13.6125 3.20415e-06
13.6175 1.28166e-05
13.6225 6.40831e-06
13.6275 1.92249e-05
13.6325 9.61246e-06
13.6375 3.20415e-06
13.6425 6.40831e-06
13.6475 1.28166e-05
13.6525 6.40831e-06
13.6625 3.20415e-06
13.6675 1.92249e-05
13.6725 6.40831e-06
13.6775 9.61246e-06
13.6825 6.40831e-06
13.6875 1.28166e-05
13.6925 3.20415e-06
13.6975 9.61246e-06
13.7025 6.40831e-06
13.7125 3.20415e-06
13.7175 9.61246e-06
13.7225 1.28166e-05
13.7275 1.60208e-05
13.7325 1.28166e-05
13.7375 3.20415e-06
13.7425 3.20415e-06
13.7475 3.20415e-06
13.7525 1.60208e-05
13.7575 3.20415e-06
13.7625 1.28166e-05
13.7675 3.20415e-06
13.7725 6.40831e-06
13.7775 9.61246e-06
13.7825 9.61246e-06
13.7875 1.92249e-05
13.7925 6.40831e-06
13.7975 6.40831e-06
13.8025 6.40831e-06
13.8075 1.60208e-05
13.8125 9.61246e-06
13.8175 1.92249e-05
13.8225 6.40831e-06
13.8275 6.40831e-06
13.8325 3.20415e-06
13.8375 3.20415e-06
13.8475 3.20415e-06
13.8575 6.40831e-06
13.8625 6.40831e-06
13.8675 6.40831e-06
13.8725 9.61246e-06
13.8775 1.28166e-05
13.8825 9.61246e-06
13.8875 1.28166e-05
13.8925 9.61246e-06
13.8975 9.61246e-06
13.9025 9.61246e-06
13.9125 1.28166e-05
13.9175 1.28166e-05
13.9225 2.24291e-05
13.9275 6.40831e-06
13.9325 1.60208e-05
13.9375 9.61246e-06
13.9425 9.61246e-06
13.9475 3.20415e-06
13.9525 3.20415e-06
13.9575 6.40831e-06
13.9625 3.20415e-06
13.9675 6.40831e-06
13.9725 6.40831e-06
13.9775 1.28166e-05
13.9825 9.61246e-06
13.9875 3.20415e-06
13.9925 1.60208e-05
13.9975 6.40831e-06
14.0025 6.40831e-06
14.0075 1.28166e-05
14.0125 6.40831e-06
14.0175 9.61246e-06
14.0325 3.20415e-06
14.0375 9.61246e-06
14.0425 6.40831e-06
14.0475 1.28166e-05
14.0525 3.20415e-06
14.0575 1.60208e-05
14.0625 9.61246e-06
14.0675 6.40831e-06
14.0725 9.61246e-06
14.0775 3.20415e-06
14.0825 9.61246e-06
14.0875 3.20415e-06
14.0925 3.20415e-06
14.0975 1.28166e-05
14.1025 9.61246e-06
14.1075 6.40831e-06
14.1125 3.20415e-06
14.1175 9.61246e-06
14.1225 3.20415e-06
14.1275 3.20415e-06
14.1325 9.61246e-06
14.1375 9.61246e-06
14.1425 6.40831e-06
14.1475 6.40831e-06
14.1525 3.20415e-06
14.1575 1.60208e-05
14.1625 1.28166e-05
14.1675 6.40831e-06
14.1725 3.20415e-06
14.1825 6.40831e-06
14.1875 1.60208e-05
14.1925 3.20415e-06
14.1975 1.28166e-05
14.2025 2.24291e-05
14.2175 3.20415e-06
14.2225 6.40831e-06
14.2275 9.61246e-06
14.2375 6.40831e-06
14.2475 6.40831e-06
14.2525 9.61246e-06
14.2575 3.20415e-06
14.2625 9.61246e-06
14.2675 1.92249e-05
14.2725 3.20415e-06
14.2825 3.20415e-06
14.2875 6.40831e-06
14.2925 6.40831e-06
14.2975 3.20415e-06
14.3025 3.20415e-06
14.3075 6.40831e-06
14.3125 9.61246e-06
14.3175 9.61246e-06
14.3225 1.92249e-05
14.3275 1.28166e-05
14.3325 1.28166e-05
14.3425 3.20415e-06
14.3475 9.61246e-06
14.3525 9.61246e-06
14.3575 9.61246e-06
14.3625 9.61246e-06
14.3675 1.28166e-05
14.3775 1.60208e-05
14.3825 1.28166e-05
14.3875 3.20415e-06
14.3925 9.61246e-06
14.3975 3.20415e-06
14.4025 1.60208e-05
14.4075 1.60208e-05
14.4125 9.61246e-06
14.4175 6.40831e-06
14.4225 3.20415e-06
14.4275 9.61246e-06
14.4325 3.20415e-06
14.4375 6.40831e-06
14.4425 3.20415e-06
14.4475 3.20415e-06
14.4525 9.61246e-06
14.4575 9.61246e-06
14.4625 9.61246e-06
14.4675 6.40831e-06
14.4725 6.40831e-06
14.4775 3.20415e-06
14.4825 9.61246e-06
14.4875 3.20415e-06
14.4925 3.20415e-06
14.4975 6.40831e-06
14.5025 3.20415e-06
14.5075 9.61246e-06
14.5125 6.40831e-06
14.5175 3.20415e-06
14.5225 9.61246e-06
14.5325 1.60208e-05
14.5375 9.61246e-06
14.5425 6.40831e-06
14.5475 6.40831e-06
14.5525 6.40831e-06
14.5575 3.20415e-06
14.5625 9.61246e-06
14.5675 9.61246e-06
14.5725 9.61246e-06
14.5775 1.28166e-05
14.5825 1.60208e-05
14.5875 9.61246e-06
14.5925 1.28166e-05
14.5975 3.20415e-06
14.6025 3.20415e-06
14.6075 9.61246e-06
14.6125 1.28166e-05
14.6175 3.20415e-06
14.6275 3.20415e-06
14.6325 9.61246e-06
14.6375 9.61246e-06
14.6425 6.40831e-06
14.6475 6.40831e-06
14.6525 3.20415e-06
14.6625 1.60208e-05
14.6675 3.20415e-06
14.6725 1.28166e-05
14.6775 3.20415e-06
14.6825 1.60208e-05
14.6875 9.61246e-06
14.6925 6.40831e-06
14.6975 3.20415e-06
14.7025 6.40831e-06
14.7075 9.61246e-06
14.7125 6.40831e-06
14.7175 9.61246e-06
14.7225 6.40831e-06
14.7275 9.61246e-06
14.7325 6.40831e-06
14.7375 6.40831e-06
14.7425 9.61246e-06
14.7475 6.40831e-06
14.7525 9.61246e-06
14.7575 9.61246e-06
14.7625 3.20415e-06
14.7675 3.20415e-06
14.7725 6.40831e-06
14.7775 6.40831e-06
14.7875 6.40831e-06
14.7925 3.20415e-06
14.7975 1.28166e-05
14.8025 9.61246e-06
14.8075 9.61246e-06
14.8125 9.61246e-06
14.8175 6.40831e-06
14.8225 3.20415e-06
14.8275 6.40831e-06
14.8325 6.40831e-06
14.8375 6.40831e-06
14.8425 6.40831e-06
14.8475 1.28166e-05
14.8525 6.40831e-06
14.8575 1.60208e-05
14.8625 3.20415e-06
14.8675 1.60208e-05
14.8725 9.61246e-06
14.8825 3.20415e-06
14.8875 1.60208e-05
14.8925 1.60208e-05
14.8975 1.28166e-05
14.9025 6.40831e-06
14.9075 9.61246e-06
14.9125 1.28166e-05
14.9175 9.61246e-06
14.9225 3.20415e-06
14.9275 3.20415e-06
14.9325 6.40831e-06
14.9375 1.28166e-05
14.9425 1.28166e-05
14.9475 6.40831e-06
14.9525 1.60208e-05
14.9575 1.92249e-05
14.9625 9.61246e-06
14.9675 6.40831e-06
14.9725 1.28166e-05
14.9825 6.40831e-06
14.9925 3.20415e-06
14.9975 9.61246e-06
15.0075 3.20415e-06
15.0125 1.28166e-05
15.0175 6.40831e-06
15.0225 1.28166e-05
15.0325 6.40831e-06
15.0375 3.20415e-06
15.0425 6.40831e-06
15.0475 9.61246e-06
15.0525 6.40831e-06
15.0575 1.28166e-05
15.0625 3.20415e-06
15.0675 1.28166e-05
15.0725 6.40831e-06
15.0775 6.40831e-06
15.0875 3.20415e-06
15.0925 1.60208e-05
15.0975 9.61246e-06
15.1025 3.20415e-06
15.1125 6.40831e-06
15.1175 6.40831e-06
15.1225 6.40831e-06
15.1275 9.61246e-06
15.1375 9.61246e-06
15.1425 9.61246e-06
15.1575 9.61246e-06
15.1625 3.20415e-06
15.1675 1.28166e-05
15.1725 1.60208e-05
15.1775 6.40831e-06
15.1875 6.40831e-06
15.1925 1.28166e-05
15.1975 3.20415e-06
15.2025 9.61246e-06
15.2075 3.20415e-06
15.2125 3.20415e-06
15.2175 1.28166e-05
15.2225 6.40831e-06
15.2275 3.20415e-06
15.2325 1.60208e-05
15.2375 9.61246e-06
15.2425 1.60208e-05
15.2475 9.61246e-06
15.2525 6.40831e-06
15.2575 1.28166e-05
15.2625 1.28166e-05
15.2675 6.40831e-06
15.2725 3.20415e-06
15.2775 3.20415e-06
15.2825 9.61246e-06
15.2875 3.20415e-06
15.2925 9.61246e-06
15.2975 1.60208e-05
15.3025 9.61246e-06
15.3075 6.40831e-06
15.3125 1.28166e-05
15.3175 1.28166e-05
15.3225 3.20415e-06
15.3275 9.61246e-06
15.3325 2.24291e-05
15.3375 1.28166e-05
15.3425 1.92249e-05
15.3475 3.20415e-06
15.3525 6.40831e-06
15.3625 3.20415e-06
15.3675 9.61246e-06
15.3725 1.28166e-05
15.3775 1.60208e-05
15.3825 9.61246e-06
15.3875 1.28166e-05
15.3925 6.40831e-06
15.3975 1.28166e-05
15.4025 9.61246e-06
15.4075 6.40831e-06
15.4125 1.60208e-05
15.4175 6.40831e-06
15.4225 9.61246e-06
15.4275 3.20415e-06
15.4325 3.20415e-06
15.4425 9.61246e-06
15.4475 9.61246e-06
15.4525 6.40831e-06
15.4575 1.28166e-05
15.4625 9.61246e-06
15.4675 3.20415e-06
15.4775 1.60208e-05
15.4825 1.60208e-05
15.4875 3.20415e-06
15.4975 3.20415e-06
